13.529627999999999 -255.0 -0.0 -8.185776719093186 0.0 -255.0 -0.0
13.584594 -255.0 -0.0 -8.200680270200865 0.0 -255.0 -0.0
13.639840999999999 -255.0 -0.0 -8.195432296593259 0.0 -255.0 -0.0
13.695191 -255.0 -0.0 -8.278101083250458 0.0 -255.0 -0.0
13.758421 -255.0 -0.0 -8.252287837666042 0.0 -255.0 -0.0
13.813142000000001 -255.0 -0.0 -8.260185964144894 0.0 -255.0 -0.0
13.874656000000002 -255.0 -0.0 -7.419745990067047 0.0 -255.0 -0.0
13.931814000000001 -255.0 -0.0 -9.122230553949864 0.0 -255.0 -0.0
13.987094 -255.0 -0.0 -8.272098286399036 0.0 -255.0 -0.0
14.042309000000001 -255.0 -0.0 -8.268806385454013 0.0 -255.0 -0.0
14.097514000000002 -255.0 -0.0 -8.257271911485338 0.0 -255.0 -0.0
14.157065000000003 -255.0 -0.0 -7.817354396915681 0.0 -255.0 -0.0
14.213164000000003 -255.0 -0.0 -8.521536552495858 0.0 -255.0 -0.0
14.268397000000002 -255.0 -0.0 -8.390290022983711 0.0 -255.0 -0.0
14.323846000000001 -255.0 -0.0 -8.252076191669046 0.0 -255.0 -0.0
14.379145000000001 -255.0 -0.0 -8.230225631100973 0.0 -255.0 -0.0
14.43486 -255.0 -0.0 -8.279826007146958 0.0 -255.0 -0.0
14.489391000000001 -255.0 -0.0 -8.24586816782395 0.0 -255.0 -0.0
14.543690000000002 -255.0 -0.0 -8.261666801119258 0.0 -255.0 -0.0
14.598275000000001 -255.0 -0.0 -8.226287713722668 0.0 -255.0 -0.0
14.653041000000002 -255.0 -0.0 -8.19296958198908 0.0 -255.0 -0.0
14.707984000000002 -255.0 -0.0 -8.292282540823209 0.0 -255.0 -0.0
14.769883000000002 -255.0 -0.0 -8.063224677692851 0.0 -255.0 -0.0
14.834960000000002 -255.0 -0.0 -8.374055474175744 0.0 -255.0 -0.0
14.891612000000002 -255.0 -0.0 -8.131028393269737 0.0 -255.0 -0.0
14.946564000000002 -255.0 -0.0 -8.342420861679491 0.0 -255.0 -0.0
15.001307000000002 -255.0 -0.0 -8.29541711260324 0.0 -255.0 -0.0
15.055441000000002 -255.0 -0.0 -8.23634574531075 0.0 -255.0 -0.0
15.110216000000001 -255.0 -0.0 -8.180240071586637 0.0 -255.0 -0.0
15.166957000000002 -255.0 -0.0 -8.05065051384258 0.0 -255.0 -0.0
15.226493000000001 -255.0 -0.0 -8.458178686175442 0.0 -255.0 -0.0
15.283418000000001 -255.0 -0.0 -7.965648371410864 0.0 -255.0 -0.0
15.338533000000002 -255.0 -0.0 -8.529216730828203 0.0 -255.0 -0.0
15.394314000000001 -254.99 -0.0 -8.208980037614865 0.0 -254.99 -0.0
15.449732000000001 -254.99 -0.0 -8.319006938331855 0.0 -254.99 -0.0
15.504456000000001 -254.99 -0.0 -8.148423065259701 0.0 -254.99 -0.0
15.564448 -254.99 -0.0 -8.22039774876097 0.0 -254.99 -0.0
15.621424000000001 -254.99 -0.0 -7.980405397968889 0.0 -254.99 -0.0
15.681278 -254.99 -0.0 -8.406830291829845 0.0 -254.99 -0.0
15.73591 -254.99 -0.0 -8.2973466796512 0.0 -254.99 -0.0
15.790705 -254.99 -0.0 -8.230648927182392 0.0 -254.99 -0.0
15.845130000000001 -254.99 -0.0 -8.214339398110141 0.0 -254.99 -0.0
15.901901 -254.99 -0.0 -8.1883318285401 0.0 -254.99 -0.0
15.957192000000001 -254.99 -0.0 -8.261777880775206 0.0 -254.99 -0.0
16.012597 -254.99 -0.0 -8.169464098006113 0.0 -254.99 -0.0
16.070989 -254.99 -0.0 -8.298614203979026 0.0 -254.99 -0.0
16.126209 -254.99 -0.0 -8.22636560548892 0.0 -254.99 -0.0
16.184390999999998 -254.99 -0.0 -7.833123120214304 0.0 -254.99 -0.0
16.239393999999997 -254.99 -0.0 -8.686106204729688 0.0 -254.99 -0.0
16.293878999999997 -254.99 -0.0 -8.216737523138487 0.0 -254.99 -0.0
16.349230999999996 -254.99 -0.0 -8.180752481148062 0.0 -254.99 -0.0
16.404568999999995 -254.99 -0.0 -8.268628659363493 0.0 -254.99 -0.0
16.459820999999994 -254.99 -0.0 -8.122639879469583 0.0 -254.99 -0.0
16.517318999999993 -254.99 -0.0 -8.300015719954267 0.0 -254.99 -0.0
16.577848999999993 -254.99 -0.0 -8.140202090270787 0.0 -254.99 -0.0
16.632689999999993 -254.99 -0.0 -8.328695639381523 0.0 -254.99 -0.0
16.686609999999995 -254.99 -0.0 -8.267255454069227 0.0 -254.99 -0.0
16.744894999999996 -254.99 -0.0 -8.00854964575513 0.0 -254.99 -0.0
16.803477999999995 -254.99 -0.0 -8.284657537931794 0.0 -254.99 -0.0
16.859039999999993 -254.99 -0.0 -8.315574577723773 0.0 -254.99 -0.0
16.917938999999993 -254.99 -0.0 -8.184020586561735 0.0 -254.99 -0.0
16.972141999999995 -254.99 -0.0 -8.28337825594399 0.0 -254.99 -0.0
17.026495999999995 -254.99 -0.0 -8.264778449424709 0.0 -254.99 -0.0
17.080987999999994 -254.98 -0.0 -8.167271624901224 0.0 -254.98 -0.0
17.135190999999995 -254.98 -0.0 -8.268335265841326 0.0 -254.98 -0.0
17.189749999999997 -254.98 -0.0 -8.16954949388356 0.0 -254.98 -0.0
17.244823999999998 -254.98 -0.0 -8.244689976188754 0.0 -254.98 -0.0
17.299445 -254.98 -0.0 -8.250721613273674 0.0 -254.98 -0.0
17.35397 -254.98 -0.0 -8.196635158226234 0.0 -254.98 -0.0
17.408952 -254.98 -0.0 -8.243655751993101 0.0 -254.98 -0.0
17.464682 -254.96 -0.0 -8.11235533172819 0.0 -254.96 -0.0
17.519685 -254.96 -0.0 -8.329453515468124 0.0 -254.96 -0.0
17.574001 -254.96 -0.0 -8.303233079846807 0.0 -254.96 -0.0
17.628747 -254.96 -0.0 -8.141644153669548 0.0 -254.96 -0.0
17.683118 -254.96 -0.0 -8.325708955079884 0.0 -254.96 -0.0
17.740737 -254.96 -0.0 -8.197678764135475 0.0 -254.96 -0.0
17.794822 -254.96 -0.0 -8.274846153431476 0.0 -254.96 -0.0
17.850154 -254.96 -0.0 -8.175041185395623 0.0 -254.96 -0.0
17.905468 -254.96 -0.0 -8.234063526423517 0.0 -254.96 -0.0
17.963217 -254.96 -0.0 -8.247329632262664 0.0 -254.96 -0.0
18.017853 -254.96 -0.0 -8.262502327852268 0.0 -254.96 -0.0
18.072588999999997 -254.96 -0.0 -8.20008882393805 0.0 -254.96 -0.0
18.127293999999996 -254.96 -0.0 -8.23717579731289 0.0 -254.96 -0.0
18.182131999999996 -254.96 -0.0 -8.223320411363279 0.0 -254.96 -0.0
18.241360999999994 -254.96 -0.0 -7.749721760462741 0.0 -254.96 -0.0
18.298289999999994 -254.96 -0.0 -8.51946020162519 0.0 -254.96 -0.0
18.353172999999995 -254.96 -0.0 -8.471761979689328 0.0 -254.96 -0.0
18.408646999999995 -254.96 -0.0 -8.212908383034385 0.0 -254.96 -0.0
18.463401999999995 -254.96 -0.0 -8.30498659850781 0.0 -254.96 -0.0
18.517936999999996 -254.96 -0.0 -8.268130218606762 0.0 -254.96 -0.0
18.571694999999995 -254.96 -0.0 -8.233283228663886 0.0 -254.96 -0.0
18.625666999999996 -254.96 -0.0 -8.234407529423802 0.0 -254.96 -0.0
18.679940999999996 -254.96 -0.0 -8.208030265019984 0.0 -254.96 -0.0
18.736320999999997 -254.96 -0.0 -8.183016481639102 0.0 -254.96 -0.0
18.791420999999996 -254.96 -0.0 -8.241670036211236 0.0 -254.96 -0.0
18.846651999999995 -254.96 -0.0 -8.174359334995854 0.0 -254.96 -0.0
18.902586999999997 -254.96 -0.0 -8.297851748256988 0.0 -254.96 -0.0
18.957409999999996 -254.96 -0.0 -8.242192992067448 0.0 -254.96 -0.0
19.011664999999997 -254.96 -0.0 -8.241845880294607 0.0 -254.96 -0.0
19.066686999999998 -254.96 -0.0 -8.199307507993497 0.0 -254.96 -0.0
19.122546999999997 -254.96 -0.0 -8.107214009723007 0.0 -254.96 -0.0
19.182505999999997 -244.03 -0.0 -8.403307355690709 0.0 -244.03 -0.0
19.243634999999998 -244.03 -0.0 -7.267966978655013 0.0 -244.03 -0.0
19.300607999999997 -244.03 -0.0 -8.411857550488081 0.0 -244.03 -0.0
19.356837999999996 -244.03 -0.0 -7.862799348040481 0.0 -244.03 -0.0
19.411476999999998 -244.03 -0.0 -7.932865896194149 0.0 -244.03 -0.0
19.466321999999998 -244.03 -0.0 -7.82086451855048 0.0 -244.03 -0.0
19.526127 -244.03 -0.0 -7.096042238793252 0.0 -244.03 -0.0
19.580982 -244.03 -0.0 -8.511060843971872 0.0 -244.03 -0.0
19.636723 -244.03 -0.0 -7.750219090141213 0.0 -244.03 -0.0
19.691027 -244.03 -0.0 -7.842252260169432 0.0 -244.03 -0.0
19.745644 -211.13 -0.0 -7.814873238527101 0.0 -211.13 -0.0
19.800271 -211.13 -0.0 -7.530722284897468 0.0 -211.13 -0.0
19.858928 -211.13 -0.0 -7.042764599884121 0.0 -211.13 -0.0
19.913394 -211.13 -0.0 -6.660926035165911 0.0 -211.13 -0.0
19.975275 -211.13 -0.0 -5.774408741240473 0.0 -211.13 -0.0
20.030218 -211.13 -0.0 -7.105924821802391 0.0 -211.13 -0.0
20.085621 -211.13 -0.0 -6.151775724771724 0.0 -211.13 -0.0
20.140404 -211.13 -0.0 -6.221397705118885 0.0 -211.13 -0.0
20.196003 -211.13 -0.0 -5.938577847262653 0.0 -211.13 -0.0
20.250516 -211.13 -0.0 -6.188862779940749 0.0 -211.13 -0.0
20.305408 -211.13 -0.0 -5.973124569922959 0.0 -211.13 -0.0
20.360152 -211.13 -0.0 -5.974378538281388 0.0 -211.13 -0.0
20.415007 -211.13 -0.0 -5.97103292618491 0.0 -211.13 -0.0
20.470392 -211.13 -0.0 -5.977977636828211 0.0 -211.13 -0.0
20.532741 -211.13 -0.0 -5.5118231572292995 0.0 -211.13 -0.0
20.587010000000003 -211.13 -0.0 -6.379308889069878 0.0 -211.13 -0.0
20.643563000000004 -211.13 -0.0 -5.72220792783864 0.0 -109.68 -0.0
20.698785000000004 -109.68 -0.0 -6.181493357581116 0.0 -109.68 -0.0
20.753830000000004 -109.68 -0.0 -5.479024339079301 0.0 -109.68 -0.0
20.809406000000003 -109.68 -0.0 -4.351351113007135 0.0 -109.68 -0.0
20.864060000000002 -109.68 -0.0 -3.5366466109956587 0.0 -109.68 -0.0
20.918548 -109.68 -0.0 -3.2507757628564216 0.0 -109.68 -0.0
20.973032 -109.68 -0.0 -3.1048816318121273 0.0 -109.68 -0.0
21.027595 -109.68 -0.0 -2.9588601822092184 0.0 -109.68 -0.0
21.087566000000002 -109.68 -0.0 -2.8543934099094392 0.0 -109.68 -0.0
21.146179000000004 -109.68 -0.0 -2.832149805516733 0.0 -109.68 -0.0
21.203576000000005 -109.68 -0.0 -2.671542056956875 0.0 -109.68 -0.0
21.257877000000004 -109.68 -0.0 -2.8609593893515917 0.0 -109.68 -0.0
21.311930000000004 -109.68 -0.0 -2.740985122162083 0.0 -109.68 -0.0
21.366231000000003 -109.68 -0.0 -2.725816818628901 0.0 -109.68 -0.0
21.420555000000004 -109.68 -0.0 -2.684931760740775 0.0 -109.68 -0.0
21.475155000000004 -109.68 -0.0 -2.695077667201713 0.0 -109.68 -0.0
21.530115000000006 -109.68 -0.0 -2.6765516263208484 0.0 -109.68 -0.0
21.584551000000005 -109.68 -0.0 -2.6996727835023653 0.0 -109.68 -0.0
21.642321000000006 -109.68 -0.0 -2.513981491508151 0.0 -109.68 -0.0
21.696952000000007 -109.68 -0.0 -2.8269966523659944 0.0 -109.68 -0.0
21.752070000000007 -41.13 -0.0 -2.6514752431184005 0.0 -41.13 -0.0
21.806901000000007 -41.13 -0.0 -2.3451964069120192 0.0 -41.13 -0.0
21.86379300000001 -41.13 -0.0 -1.41886634431802 0.0 -41.13 -0.0
21.91864900000001 -41.13 -0.0 -0.7781699265627358 0.0 -41.13 -0.0
21.97268500000001 -41.13 -0.0 -0.29557630328590695 0.0 -41.13 -0.0
22.027732000000007 -41.13 -0.0 -0.032238634710857736 0.0 -41.13 -0.0
22.082037000000007 -41.13 -0.0 0.0 0.0 -41.13 -0.0
22.136469000000005 -41.13 -0.0 0.0 0.0 -41.13 -0.0
22.190780000000004 -41.13 -0.0 0.0 0.0 -41.13 -0.0
22.244913000000004 -41.13 -0.0 0.0 0.0 -41.13 -0.0
22.299569000000005 -41.13 -0.0 0.0 0.0 -41.13 -0.0
22.353841000000006 -41.13 -0.0 0.0 0.0 -41.13 -0.0
22.407993000000005 -41.13 -0.0 0.0 0.0 -41.13 -0.0
22.462331000000006 -41.13 -0.0 0.0 0.0 -41.13 -0.0
22.516840000000006 -41.13 -0.0 0.0 0.0 -41.13 -0.0
22.571186000000004 -41.13 -0.0 0.0 0.0 -41.13 -0.0
22.629578000000006 -41.13 -0.0 0.0 0.0 -41.13 -0.0
22.683433000000004 13.71 -0.0 0.0 0.0 13.71 -0.0
22.737062000000005 16.45 -0.0 0.0035774112230093046 0.0 16.45 -0.0
22.791534000000006 16.45 -0.0 0.0 0.0 16.45 -0.0
22.845271000000007 16.45 -0.0 0.0 0.0 16.45 -0.0
22.899006000000007 16.45 -0.0 0.0 0.0 16.45 -0.0
22.952603000000007 16.45 -0.0 0.0 0.0 16.45 -0.0
23.006234000000006 16.45 -0.0 0.0 0.0 16.45 -0.0
23.060220000000005 54.84 -0.0 0.0 0.0 54.84 -0.0
23.115202000000004 54.84 -0.0 0.19453282885655676 0.0 54.84 -0.0
23.169939000000003 54.84 -0.0 0.38642585014311986 0.0 54.84 -0.0
23.224180000000004 54.84 -0.0 0.37492702138141254 0.0 54.84 -0.0
23.279256000000004 54.84 -0.0 0.41365644099704885 0.0 54.84 -0.0
23.333664000000002 54.84 -0.0 0.3640791952274039 0.0 54.84 -0.0
23.388789000000003 54.84 -0.0 0.30365846839496297 0.0 54.84 -0.0
23.443627000000003 54.84 -0.0 0.32448966949752994 0.0 54.84 -0.0
23.497689 54.84 -0.0 0.32116265170227376 0.0 54.84 -0.0
23.551622000000002 54.84 -0.0 0.39307576077547407 0.0 54.84 -0.0
23.605643 54.84 -0.0 0.3640238261800691 0.0 54.84 -0.0
23.6598 54.84 -0.0 0.28960211320123197 0.0 54.84 -0.0
23.728104000000002 54.84 -0.0 0.3286308183710415 0.0 54.84 -0.0
23.787927000000003 54.84 -0.0 0.31909754032123455 0.0 54.84 -0.0
23.841800000000003 54.84 -0.0 0.39440384334496564 0.0 54.84 -0.0
23.897173000000002 54.84 -0.0 0.34907244302702894 0.0 54.84 -0.0
23.951723 54.84 -0.0 0.2945497271786737 0.0 54.84 -0.0
24.008955 54.84 -0.0 0.3310295361821733 0.0 54.84 -0.0
24.063162000000002 54.84 -0.0 0.31941874720439484 0.0 54.84 -0.0
24.118160000000003 54.84 -0.0 0.3906966523441178 0.0 54.84 -0.0
24.172956000000003 54.84 -0.0 0.3746308043146938 0.0 54.84 -0.0
24.227368000000002 101.45 -0.0 0.294415282859975 0.0 101.45 -0.0
24.289193 101.45 -0.0 1.1466183340704252 0.0 101.45 -0.0
24.344631 101.45 -0.0 1.9942148608966577 0.0 101.45 -0.0
24.399233 101.45 -0.0 2.0809664708627738 0.0 101.45 -0.0
24.453464 101.45 -0.0 2.125273028841782 0.0 101.45 -0.0
24.508174 101.45 -0.0 2.1689101103475923 0.0 101.45 -0.0
24.562834 101.45 -0.0 2.2174007356011787 0.0 101.45 -0.0
24.618181 101.45 -0.0 2.260937547306541 0.0 101.45 -0.0
24.672631 101.45 -0.0 2.263830005741178 0.0 101.45 -0.0
24.728956 101.45 -0.0 2.2727723964129 0.0 101.45 -0.0
24.784442 101.45 -0.0 2.2639177972276254 0.0 101.45 -0.0
24.840339999999998 101.45 -0.0 2.327030033858158 0.0 101.45 -0.0
24.902172999999998 101.45 -0.0 2.0059346264700437 0.0 101.45 -0.0
24.956086 101.45 -0.0 2.6502422732932867 0.0 101.45 -0.0
25.00989 101.45 -0.0 2.3195369806043655 0.0 101.45 -0.0
25.063824999999998 101.45 -0.0 2.3192388464662175 0.0 101.45 -0.0
25.119082999999996 101.45 -0.0 2.3123183791461535 0.0 101.45 -0.0
25.173324999999995 101.45 -0.0 2.325565772091528 0.0 101.45 -0.0
25.227876999999996 101.45 -0.0 2.3448815576828936 0.0 101.45 -0.0
25.282065999999997 101.45 -0.0 2.3287254213292057 0.0 101.45 -0.0
25.341908999999998 142.58 -0.0 2.3251070040560307 0.0 142.58 -0.0
25.396257 142.58 -0.0 2.7764107946115675 0.0 142.58 -0.0
25.454518 142.58 -0.0 3.320158830387666 0.0 142.58 -0.0
25.508938 142.58 -0.0 3.5174810227708337 0.0 142.58 -0.0
25.563161 142.58 -0.0 3.6319844092074085 0.0 142.58 -0.0
25.617573 142.58 -0.0 3.7418948375466887 0.0 142.58 -0.0
25.671797 142.58 -0.0 3.7858272265469095 0.0 142.58 -0.0
25.727511 142.58 -0.0 3.8395390731920895 0.0 142.58 -0.0
25.781892 142.58 -0.0 3.8569220401962254 0.0 142.58 -0.0
25.83727 142.58 -0.0 3.88188940282165 0.0 142.58 -0.0
25.891572 142.58 -0.0 3.8748989525355713 0.0 142.58 -0.0
25.94671 142.58 -0.0 3.9179234425458036 0.0 142.58 -0.0
26.010635 142.58 -0.0 3.3793736843971924 0.0 142.58 -0.0
26.064974 142.58 -0.0 4.551031479621071 0.0 142.58 -0.0
26.119163 142.58 -0.0 3.9520178662998493 0.0 142.58 -0.0
26.173509 142.58 -0.0 3.896473223897582 0.0 142.58 -0.0
26.228175 142.58 -0.0 3.9315718747089163 0.0 142.58 -0.0
26.282128 142.58 -0.0 3.9364123594979694 0.0 142.58 -0.0
26.343368 142.58 -0.0 3.8243718687778183 0.0 142.58 -0.0
26.397878000000002 142.58 -0.0 4.059849934016815 0.0 142.58 -0.0
26.452338 142.58 -0.0 3.9534890575797856 0.0 142.58 -0.0
26.507334 142.58 -0.0 3.9533310954807908 0.0 142.58 -0.0
26.561788 142.58 -0.0 3.96713671677178 0.0 142.58 -0.0
26.61665 142.58 -0.0 3.942879265334998 0.0 142.58 -0.0
26.672553 142.58 -0.0 3.9895729528212347 0.0 142.58 -0.0
26.727673 222.1 -0.0 3.9400867324739317 0.0 222.1 -0.0
26.782265 222.1 -0.0 4.779455993755893 0.0 222.1 -0.0
26.841172999999998 222.1 -0.0 5.71491186296623 0.0 222.1 -0.0
26.896027999999998 222.1 -0.0 6.7903121547447665 0.0 222.1 -0.0
26.950369999999996 222.1 -0.0 6.34161287701011 0.0 222.1 -0.0
27.004980999999997 222.1 -0.0 6.32267148404459 0.0 222.1 -0.0
27.059633999999996 222.1 -0.0 6.341507695348668 0.0 222.1 -0.0
27.113844999999994 222.1 -0.0 6.3967510848419975 0.0 222.1 -0.0
27.168172999999996 222.1 -0.0 6.284979249845085 0.0 222.1 -0.0
27.228286999999995 222.1 -0.0 5.76143001365393 0.0 222.1 -0.0
27.282463999999994 222.1 -0.0 7.008085723489264 0.0 222.1 -0.0
27.337814999999996 222.1 -0.0 6.33346045316842 0.0 222.1 -0.0
27.392483999999996 222.1 -0.0 6.376499962170843 0.0 222.1 -0.0
27.446768999999996 255.0 -0.0 6.351805838610338 0.0 255.0 -0.0
27.500839999999997 255.0 -0.0 7.283501655125426 0.0 255.0 -0.0
27.555422999999998 255.0 -0.0 7.973517392358072 0.0 255.0 -0.0
27.617427999999997 255.0 -0.0 7.399668045544212 0.0 255.0 -0.0
27.672555999999997 255.0 -0.0 8.762114655110164 0.0 255.0 -0.0
27.727081999999996 255.0 -0.0 8.07773344291947 0.0 255.0 -0.0
27.781526999999997 255.0 -0.0 8.019275121297671 0.0 255.0 -0.0
27.837963 255.0 -0.0 8.102657758738017 0.0 255.0 -0.0
27.891516999999997 255.0 -0.0 8.036266421154197 0.0 255.0 -0.0
27.945706999999995 255.0 -0.0 8.019837195442419 0.0 255.0 -0.0
27.999782999999994 255.0 -0.0 8.058031206818132 0.0 255.0 -0.0
28.057208999999993 255.0 -0.0 7.5695835355808185 0.0 255.0 -0.0
28.111871999999995 255.0 -0.0 8.497961025039096 0.0 255.0 -0.0
28.166737999999995 255.0 -0.0 8.06176977229605 0.0 255.0 -0.0
28.222340999999997 255.0 -0.0 7.997181076761325 0.0 255.0 -0.0
28.276611999999997 255.0 -0.0 8.006983736699251 0.0 255.0 -0.0
28.331150999999995 255.0 -0.0 8.060857707623763 0.0 255.0 -0.0
28.385799999999996 255.0 -0.0 8.017424982540977 0.0 255.0 -0.0
28.440195999999997 255.0 -0.0 8.066177293862376 0.0 255.0 -0.0
28.495032999999996 255.0 -0.0 7.996061064558961 0.0 255.0 -0.0
28.549367999999994 255.0 -0.0 8.035509965566424 0.0 255.0 -0.0
28.604842999999995 255.0 -0.0 7.969809956562709 0.0 255.0 -0.0
28.662734999999994 255.0 -0.0 8.051316773477545 0.0 255.0 -0.0
28.718295999999995 255.0 -0.0 8.085235468044683 0.0 255.0 -0.0
28.772275999999994 255.0 -0.0 8.006610138755837 0.0 255.0 -0.0
28.827267999999993 255.0 -0.0 7.9996890092342605 0.0 255.0 -0.0
28.881593999999993 255.0 -0.0 8.067741921193184 0.0 255.0 -0.0
28.939605999999994 255.0 -0.0 7.985882215741574 0.0 255.0 -0.0
28.997083999999994 255.0 -0.0 8.099294890057513 0.0 255.0 -0.0
29.052893999999995 255.0 -0.0 7.989863892192652 0.0 255.0 -0.0
29.107120999999996 255.0 -0.0 8.132886803032868 0.0 255.0 -0.0
29.161637999999996 255.0 -0.0 8.056192550883486 0.0 255.0 -0.0
29.216501999999995 255.0 -0.0 8.049824563905645 0.0 255.0 -0.0
29.271129999999996 255.0 -0.0 8.060894911316314 0.0 255.0 -0.0
29.325325999999997 255.0 -0.0 8.033994258129002 0.0 255.0 -0.0
29.379565999999997 255.0 -0.0 8.081417973033936 0.0 255.0 -0.0
29.433550999999998 255.0 -0.0 8.044960602784228 0.0 255.0 -0.0
29.487460999999996 255.0 -0.0 8.054373430682011 0.0 255.0 -0.0
29.541405999999995 255.0 -0.0 7.988687939158924 0.0 255.0 -0.0
29.595560999999996 255.0 -0.0 8.08258865573455 0.0 255.0 -0.0
29.649533999999996 255.0 -0.0 8.03786274016841 0.0 255.0 -0.0
29.703440999999994 255.0 -0.0 8.006775675340936 0.0 255.0 -0.0
29.758034999999996 255.0 -0.0 8.029894752243477 0.0 255.0 -0.0
29.811906999999994 255.0 -0.0 7.995061528156179 0.0 255.0 -0.0
29.870518999999994 255.0 -0.0 7.452420783551671 0.0 255.0 -0.0
29.924767999999993 255.0 -0.0 8.61586090635576 0.0 255.0 -0.0
29.98017799999999 255.0 -0.0 8.090822345321358 0.0 255.0 -0.0
30.035085999999993 255.0 -0.0 8.039006313124151 0.0 255.0 -0.0
30.090037999999993 255.0 -0.0 8.033442311246917 0.0 255.0 -0.0
30.145579999999992 255.0 -0.0 7.97314925713175 0.0 255.0 -0.0
30.200221999999993 255.0 -0.0 8.11676259090603 0.0 255.0 -0.0
30.254581999999992 255.0 -0.0 8.063578198259025 0.0 255.0 -0.0
30.308894999999993 255.0 -0.0 8.050244990796084 0.0 255.0 -0.0
30.36378299999999 255.0 -0.0 8.024458783497796 0.0 255.0 -0.0
30.41970799999999 255.0 -0.0 8.069489270356323 0.0 255.0 -0.0
30.47400099999999 255.0 -0.0 8.09208072930901 0.0 255.0 -0.0
30.528003999999992 255.0 -0.0 8.02984487322243 0.0 255.0 -0.0
30.582635999999994 255.0 -0.0 8.052403316660756 0.0 255.0 -0.0
30.637652999999993 255.0 -0.0 8.044874126297564 0.0 255.0 -0.0
30.691809999999993 255.0 -0.0 8.14871267145118 0.0 255.0 -0.0
30.746781999999993 255.0 -0.0 8.017432023363625 0.0 255.0 -0.0
30.80209199999999 255.0 -0.0 8.123661079972337 0.0 255.0 -0.0
30.85599899999999 255.0 -0.0 8.05838063024368 0.0 255.0 -0.0
30.91046599999999 255.0 -0.0 8.019558392522637 0.0 255.0 -0.0
