105.68296300000011 22.858065627350925 147.5666905040392 5.6240620099763134 0.7007617200928953 6.0 3.0
105.73780600000012 -37.083015378419304 202.25247438834853 6.609890377106073 -0.15129809939657984 6.0 3.0
105.79189800000012 223.2392679956718 17.205859493890618 2.3284678995657377 2.731915307906336 6.0 3.0
105.84566200000012 255.0 -83.03129286151271 0.22837941995835548 4.2937115166389255 6.0 3.0
105.90114600000013 150.15718532029015 126.18664727447876 3.530421368229041 1.0338844163569865 6.0 3.0
105.95661800000012 -38.57168358680272 229.1120213876577 6.634373942040901 -0.5697970060999549 6.0 3.0
106.01041800000012 88.31032756441243 54.87619097410988 4.54759332726852 2.1449734454828575 6.0 3.0
106.06433800000012 255.0 -118.77186348748664 1.0380769437162458 4.850585753285937 6.0 3.0
106.11874200000013 198.32105026867706 74.28464316851029 2.7382884346879237 1.8425701315189182 6.0 3.0
106.17288300000013 6.076544232080621 221.5961671690136 5.900061367302883 -0.45269239619996593 6.0 3.0
106.22662000000012 45.70996502729786 71.7283846581125 5.24822543357065 1.8823992243878405 6.0 3.0
106.28117400000012 204.33837745584276 -91.9624615498397 2.639323722409244 4.432868157357564 6.0 3.0
106.33549100000012 226.9934598655846 78.62907918731366 2.2667241208599167 1.7748794245922994 6.0 3.0
106.39007000000012 37.38159582297666 221.3630060708847 5.385198982859149 -0.44905951048319603 6.0 3.0
106.44405500000012 8.929373452188177 70.45869382874777 5.853141960369132 1.9021822916135873 6.0 3.0
106.49843200000012 237.76448987931718 -97.24755422119857 2.089577049893322 4.515215246265899 6.0 3.0
106.55343300000013 255.0 84.07543637389337 0.8458818788949429 1.6900196714416489 6.0 3.0
106.60736900000012 55.86287959238583 229.58273338189093 5.081244274416295 -0.5771311750255819 6.0 3.0
106.66169500000012 -57.60266717998256 76.89137496365052 6.9473693562999745 1.8019546138274556 6.0 3.0
106.71550700000012 182.3989011577847 -95.71380719162477 3.000154019956173 4.491317916387152 6.0 3.0
106.77015800000012 255.0 70.08766962565178 0.1281336847720071 1.9079632239338589 6.0 3.0
106.82442100000013 190.36429299756995 211.54644858970627 2.8691502225737353 -0.2961076169322863 6.0 3.0
106.87868900000012 -19.630889445749922 66.5573977766496 6.322861839707987 1.9629684296884875 6.0 3.0
106.93341500000012 42.68411441003037 -82.51834874124128 5.297990458210633 4.2857193284780815 6.0 3.0
106.98746400000013 212.17345318269292 91.27760530265788 2.5104631850192836 1.5778025956042017 6.0 3.0
107.04139700000013 234.9341461969869 219.76761277531503 2.1361266456621917 -0.42420166943416543 6.0 3.0
107.09480100000013 26.682414242154696 63.71215876788814 5.561164389729791 2.0073001309828946 6.0 3.0
107.14804300000013 -10.935715991478709 -94.46352146794435 6.1798555991714 4.471837200333358 6.0 3.0
107.20346000000013 226.8348264883789 95.61046591712181 2.269333104224897 1.5102922451839988 6.0 3.0
107.25738900000013 255.0 234.55357670650176 0.4936045888840658 -0.6545819412949052 6.0 3.0
107.31194000000013 97.51643216354432 80.35917665433075 4.396183994765586 1.7479227563187971 6.0 3.0
107.36575100000013 -44.89912970418003 -84.22075049052441 6.738439063478987 4.312244469459172 6.0 3.0
107.41985000000012 179.37754847867717 66.78975044870019 3.049845068702541 1.9593481400676207 6.0 3.0
107.47418100000013 255.0 210.0495413987211 0.23217562461539204 -0.2727842889967914 6.0 3.0
107.52895900000013 164.79955634183935 74.02432526423704 3.289603810839771 1.8466261477405048 6.0 3.0
107.58247900000013 -30.28947564718882 -72.38160831850222 6.498159589674572 4.127778660880027 6.0 3.0
107.63623700000014 73.39292184987397 79.21969604442904 4.792934276591071 1.765677016636956 6.0 3.0
107.69058500000014 255.0 203.92685891159954 1.3705549790310756 -0.17738670366081533 6.0 3.0
107.74590200000014 222.42052931152338 48.80170264351828 2.341933386116144 2.2396201171188452 6.0 3.0
107.79946600000014 20.560139578253832 -71.18700035986926 5.661855133602967 4.109165460715486 6.0 3.0
107.85387300000014 26.483778298353183 120.45993423834528 5.564431280230353 1.1231123971821084 6.0 3.0
107.90835800000013 224.95628612706483 215.02841266108376 2.300228749513699 -0.35036013865535864 6.0 3.0
107.96229500000014 255.0 47.29279862354056 1.3907803124607876 2.2631303677830594 6.0 3.0
108.01663600000013 32.56651585750587 -91.54813319060851 5.464390788217186 4.426412502488965 6.0 3.0
108.07068200000013 -61.51783014005864 106.2517534280863 7.01176056585469 1.3444902236767315 6.0 3.0
108.12543900000013 187.46439731181664 234.59291837830298 2.9168437139283143 -0.6551949243298435 6.0 3.0
108.17977300000013 255.0 72.54593787703863 0.08827483089721261 1.869660918402963 6.0 3.0
108.23342300000013 196.03547159822995 -101.17443303732608 2.775878485631726 4.576399989677554 6.0 3.0
108.28735500000013 -11.914259094827353 77.87297552019032 6.195949328773097 1.7866602844129686 6.0 3.0
108.34154100000013 37.69778353830604 221.45841824775883 5.379998762678274 -0.45054612869418253 6.0 3.0
108.39535800000013 219.3728502197147 68.36159760148395 2.3920574154496164 1.9348571717366307 6.0 3.0
108.44888900000014 247.41500356090228 -91.47642119676418 1.9308586887118713 4.425295157098809 6.0 3.0
108.50294800000013 18.42561534415471 86.39918790098577 5.696960849165525 1.653813272519006 6.0 3.0
108.56256700000013 -16.52927543743406 221.0435324427498 6.271850763131132 -0.44408178825659117 6.0 3.0
108.61687900000013 200.99226069886018 47.95560956762018 2.69435604353879 2.2528031029391853 6.0 3.0
108.67221600000012 255.0 -110.29947332818892 0.41603914880553555 4.718577346036116 6.0 3.0
108.72670000000012 107.83935459196195 95.25006741305846 4.226406780360086 1.515907618367021 6.0 3.0
108.78010500000012 -45.55658067201177 237.329064259709 6.749251911749492 -0.6978268443685104 6.0 3.0
108.83332000000011 168.89876936454695 88.82286011420297 3.2221855992745865 1.6160500082515619 6.0 3.0
108.88787700000012 255.0 -73.1012628739273 0.3059407559736173 4.138991606677559 6.0 3.0
108.94190100000012 166.8663040795653 59.77751306040861 3.2556127897676723 2.068605890416874 6.0 3.0
108.99618700000012 -27.34667967874184 202.35210784120034 6.4497605335399175 -0.15285048935649392 6.0 3.0
109.05005800000012 68.59072981765269 81.3430980898989 4.871914118968497 1.7325922652618229 6.0 3.0
109.10416400000013 255.0 -62.059196511698616 1.553978695973075 3.966945045339139 6.0 3.0
109.15766100000012 225.26250604950388 74.69643664465575 2.295192465865567 1.8361539726924536 6.0 3.0
109.21184000000012 23.122206847959774 193.9056779958167 5.619717778877455 -0.02124657005246675 6.0 3.0
109.26632500000012 10.536024002727565 56.098477705746625 5.826717984321154 2.1259289820419376 6.0 3.0
109.32068900000013 239.07520583437903 -60.05817523068257 2.068020198597544 3.935767110044216 6.0 3.0
109.37489600000013 255.0 112.30043303124741 0.8839316577761509 1.250245678115817 6.0 3.0
109.42866900000014 60.07854213356983 200.27033111792773 5.011910861511288 -0.12041430259904325 6.0 3.0
109.48226700000014 -56.81094866623163 25.58323490946818 6.934348260308023 2.601387326457017 6.0 3.0
109.53603300000013 181.04953990533238 -77.12388861149849 3.022346455892475 4.201668183959137 6.0 3.0
109.59052500000013 255.0 129.89340710973912 0.11706510681235723 0.9761293492849936 6.0 3.0
109.64417400000012 183.09492102403286 222.4937808489751 2.9887068435502746 -0.46667812513707546 6.0 3.0
109.69818500000012 -17.842569501979767 52.50729352723394 6.293450015621885 2.1818832634941403 6.0 3.0
109.75257600000012 51.58437442704191 -108.43557149005844 5.151611236275078 4.689535870337361 6.0 3.0
109.80718300000012 230.55586873295792 90.05748703442602 2.208134524912638 1.5968132721921942 6.0 3.0
109.86143600000013 231.18492254717103 234.9268228494551 2.197788713924632 -0.6603974936853179 6.0 3.0
109.91591000000012 17.69178791846138 85.0039358947721 5.70902983225171 1.6755527098665954 6.0 3.0
109.97026500000013 -11.182239499304089 -83.54627073389456 6.183910078388337 4.301735392714489 6.0 3.0
110.02487600000012 234.94460802874627 61.26093402472907 2.1359545838583753 2.0454926915321368 6.0 3.0
110.08315000000012 255.0 201.36380497803697 0.6024830374714998 -0.1374517312264214 6.0 3.0
110.13730000000012 78.4646562982189 78.9599434791334 4.709521371687899 1.769724224305515 6.0 3.0
110.19178500000012 -48.98352953752777 -58.53672955496404 6.8056136481019545 3.9120614476995326 6.0 3.0
110.24525500000013 184.6136686592166 78.43660678613895 2.963728573619987 1.777878339259932 6.0 3.0
110.29978900000013 255.0 192.82429661142828 0.17590217706271866 -0.004397554426567967 6.0 3.0
110.35429400000014 169.57628326514225 53.43761715706188 3.2110427835107656 2.167387880456842 6.0 3.0
110.40811000000014 -26.97831118322293 -50.27500827120811 6.443702115734531 3.7833354745910217 6.0 3.0
110.46237700000013 66.82935912411165 115.11196809591168 4.900882718893423 1.2064391183569922 6.0 3.0
110.51707000000013 255.0 190.0093005454986 1.5706246630440364 0.039462931232262216 6.0 3.0
110.57142500000013 229.28957754115083 13.013852636445257 2.2289607388711383 2.797231014339473 6.0 3.0
110.62490400000013 3.92614174077324 -59.46076574819552 5.93542822657713 3.9264588661158473 6.0 3.0
110.67873300000012 -9.87209030989414 139.07229941598325 6.162362548473618 0.8331129240634519 6.0 3.0
110.73275200000012 235.3568692273065 201.14690917792157 2.129174279309506 -0.13407227530264199 6.0 3.0
110.78680000000011 255.0 21.96126613411731 0.5031668301022255 2.6578212630620195 6.0 3.0
110.84154800000012 90.4348436077296 -77.51607187469733 4.512652212647602 4.207778795835067 6.0 3.0
110.89563100000012 -49.36318205823845 129.24887480423962 6.811857650016649 0.9861718144536537 6.0 3.0
110.94919300000012 180.07739633094823 223.05967880940875 3.0383349348533155 -0.4754953876826143 6.0 3.0
111.00392400000013 255.0 50.749842169131284 0.19016689840260648 2.209266133055166 6.0 3.0
111.05828600000012 169.2236387171053 -110.2382913969951 3.216842595478371 4.717624069671653 6.0 3.0
111.11224300000012 -28.76500057788128 85.11456235991533 6.473087122793956 1.673829037657377 6.0 3.0
111.16630800000011 64.09778906227443 228.12785897211205 4.945807822154445 -0.5544627603312159 6.0 3.0
111.22059800000011 255.0 77.32499813748856 1.604370157696809 1.7951983262334341 6.0 3.0
111.2742790000001 228.78312979952585 -91.82968416933858 2.237290093994291 4.4307993514846995 6.0 3.0
111.33033400000011 16.97306729501853 79.47009904693608 5.720850359455131 1.7617754846123415 6.0 3.0
111.38387200000011 -24.328181876499013 222.72837279140913 6.4001164378773225 -0.47033330485520636 6.0 3.0
111.43820800000012 235.95113123497498 70.737448876978 2.1194006760504878 1.8978390060427104 6.0 3.0
111.49273100000012 255.0 -95.34238456696798 0.3853034869582539 4.485530776256019 6.0 3.0
111.54692300000012 119.7467977355334 82.74022219204194 4.030569550968319 1.7108236587663064 6.0 3.0
111.60256100000012 -40.3034176348595 223.69146771073108 6.662855119227787 -0.4853392977261281 6.0 3.0
111.65729800000013 150.79736296665723 59.87598416085153 3.5198926077662414 2.067071611083038 6.0 3.0
111.71182400000012 255.0 -106.61772408572341 0.4090325657146416 4.661211969294378 6.0 3.0
111.76585500000012 155.50332484037642 86.40115554366218 3.4424954265359444 1.653782614656128 6.0 3.0
111.82514700000011 -26.60045337019661 223.38127064196323 6.4374876307006845 -0.48050611367632656 6.0 3.0
111.87888000000011 85.03476164868096 50.29327549832575 4.601465325303066 2.2163799035358904 6.0 3.0
111.93742900000011 255.0 -107.4080998528442 1.1427817560414295 4.673526823094161 6.0 3.0
111.99339200000011 210.20268304989304 107.00735894842018 2.5428756985977286 1.3327171254868444 6.0 3.0
112.04719900000012 -4.605366552332449 253.07054548120956 6.075742727894461 -0.9430950419765757 6.0 3.0
112.10115500000012 35.87096738185972 100.57374554783917 5.410043719464795 1.432959328915092 6.0 3.0
112.15532500000012 215.2600507005407 -57.78050967582722 2.4596990790013473 3.9002787771781624 6.0 3.0
112.20993600000011 249.20275099664093 48.57812895029101 1.9014562804495816 2.2431036213710076 6.0 3.0
112.26494000000011 22.043939903627027 187.22535726423536 5.637451628905271 0.08283958310069618 6.0 3.0
112.32302000000011 -59.87431977561106 93.53567596166634 6.984730370340061 1.5426195710327777 6.0 3.0
112.37651100000011 214.670087723275 -44.03884630087135 2.469401977727663 3.68616976413886 6.0 3.0
112.43006700000011 255.0 66.49189093817895 0.05104759611103173 1.9639890924823262 6.0 3.0
112.4843330000001 198.16635140139385 182.1611298555771 2.7408327086511504 0.1617453678436506 6.0 3.0
112.5385990000001 -15.130832332922877 66.60948093660421 6.248851096473278 1.9621569213819912 6.0 3.0
112.59224300000011 34.881966602225205 -39.86365359897264 5.426309442526802 3.621116039254168 6.0 3.0
112.64597300000011 226.13906617959984 97.32229304977622 2.2807760117869305 1.4836202471976043 6.0 3.0
112.7004320000001 252.84278705909205 181.68919119569298 1.8415899792830372 0.1690986494607093 6.0 3.0
112.7574800000001 13.57055561805665 31.848969762711086 5.776810186577975 2.5037608405805862 6.0 3.0
112.8113140000001 -65.63449014085677 -45.27620234832905 7.079465721292653 3.7054490227606522 6.0 3.0
112.8677470000001 193.50672433606417 144.26697197936497 2.817467838751747 0.7521746718839506 6.0 3.0
112.9254790000001 255.0 184.01073705244332 -0.020769783923860034 0.13292661711270423 6.0 3.0
112.9789110000001 207.24520723504563 14.867245299840292 2.591516188633204 2.76835328221157 6.0 3.0
113.03665100000009 27.023009153599105 -30.521088474396283 5.555562753593639 3.475549425992193 6.0 3.0
113.0898500000001 0.9303098594820413 136.87676137193446 5.984699544380763 0.8673216272513247 6.0 3.0
113.1433230000001 255.0 179.18636752023173 1.6010770896742157 0.20809517355989804 6.0 3.0
113.1970540000001 255.0 -1.274109609836298 0.566835934628131 3.019851916294436 6.0 3.0
113.2508580000001 79.82113177233624 -46.324220583056885 4.6872119308292675 3.7217782067729543 6.0 3.0
113.3047330000001 -50.691588420680226 150.65984564351925 6.833705448774978 0.6525672347514407 6.0 3.0
113.3592970000001 182.93542797159026 183.79748919472445 2.9913299656698586 0.13624923440459244 6.0 3.0
113.4134490000001 255.0 8.759568162773853 0.1302001265529371 2.8635170690179983 6.0 3.0
113.4682760000001 178.06327729856898 -49.39084620763053 3.0714603914446688 3.769559335441492 6.0 3.0
113.5233020000001 -28.061629818983285 150.24922526814117 6.461519049027244 0.6589651154815319 6.0 3.0
113.5782040000001 52.42816933613121 189.00969566752505 5.137733659436918 0.05503778618339158 6.0 3.0
113.6348340000001 247.7629503348142 9.843601519421677 1.9251361392646793 2.8466267329822204 6.0 3.0
113.6891740000001 238.59032964334372 -62.265757611205665 2.075994774558602 3.970163476175421 6.0 3.0
113.7437250000001 10.911199819451198 146.04372118526229 5.820547609069636 0.7244911223373686 6.0 3.0
113.7974480000001 -31.727845583768474 204.40310529961528 6.52181591789078 -0.1848071040387942 6.0 3.0
113.8545920000001 222.4311518619601 34.543052607938655 2.3417586810328173 2.4617843051861117 6.0 3.0
113.9135570000001 255.0 -105.76179375296952 0.29201739229151613 4.647875709063296 6.0 3.0
113.9675250000001 139.3179092413913 120.90029891482843 3.7086908565070527 1.1162510701588446 6.0 3.0
114.02230400000009 -34.41155397226978 249.5801350187861 6.565953858249814 -0.8887109169387334 6.0 3.0
114.0766910000001 110.3838206692229 90.03912957444315 4.1845589058127155 1.5970992999845792 6.0 3.0
114.1305500000001 255.0 -70.42834714642478 0.7337996474985758 4.097344876384645 6.0 3.0
114.1843360000001 163.27936636901256 57.98815230669463 3.3146058023536478 2.096485940633152 6.0 3.0
114.2382250000001 -26.664038634926094 195.16972741946987 6.438533393584002 -0.04094173847178105 6.0 3.0
114.2924290000001 74.55335441006848 84.07073001191024 4.773849079647915 1.6900930013211344 6.0 3.0
114.3467620000001 255.0 -53.97008987714555 1.3162019529560312 3.8409085830393637 6.0 3.0
114.4002970000001 223.56390203090373 72.42254585109985 2.323128765944897 1.8715834909598497 6.0 3.0
114.4547180000001 21.58715726018627 185.8108449480054 5.644964160877677 0.10487911555729018 6.0 3.0
114.5089150000001 20.38380302022558 59.00853453202682 5.664755274510495 2.080587353596965 6.0 3.0
114.5632280000001 227.0370038653754 -50.43351745196692 2.2660079691073665 3.7858052079358067 6.0 3.0
114.61690400000009 255.0 107.09068403200095 1.2474232856600591 1.3314188364136734 6.0 3.0
114.67180100000009 42.41257866540037 190.01871240102955 5.302456304259025 0.03931628500439218 6.0 3.0
114.72558300000009 -64.47817063295206 14.535350215370915 7.060448170170273 2.77352454329033 6.0 3.0
114.77926200000009 182.32722579019486 -65.51813926217487 3.0013328377120243 4.0208388715999135 6.0 3.0
114.83325200000009 255.0 140.54312466237226 0.08261866893186348 0.8101959792027903 6.0 3.0
114.88686300000009 198.3061740810549 210.34208773678878 2.7385330977388165 -0.27734245681118364 6.0 3.0
114.94109400000009 -6.664419299622201 38.998152197610864 6.109607192359146 2.392369347905543 6.0 3.0
114.99551400000009 40.49766452719805 -88.98622469788371 5.333950175346802 4.386495377181268 6.0 3.0
115.04995200000009 212.56777864501046 113.31949296090605 2.5039778627643052 1.2343676937835297 6.0 3.0
115.1045130000001 237.92570554623788 233.44632547667644 2.0869255965826805 -0.6373298473135819 6.0 3.0
