736.0544429999994 5.3003533457401 -0.0 2.9128270862592767 0.0 3.0 -0.0
736.1087329999995 -40.62484183317542 -0.0 3.668141461870678 0.0 3.0 -0.0
736.1621309999995 143.90514280470464 -0.0 0.6332463550485506 0.0 3.0 -0.0
736.2161579999995 171.8284758973797 -0.0 0.17400182015398846 0.0 3.0 -0.0
736.2704659999995 5.576715776200045 -0.0 2.908281857528248 0.0 3.0 -0.0
736.3247119999995 -42.311045205226954 -0.0 3.695873813190105 0.0 3.0 -0.0
736.3782139999995 143.05334785267493 -0.0 0.6472555055776842 0.0 3.0 -0.0
736.4322079999995 172.84822846915384 -0.0 0.15723033395720626 0.0 3.0 -0.0
736.4861049999995 7.691217065783204 -0.0 2.8735054517873695 0.0 3.0 -0.0
736.5399019999995 -41.096665415058254 -0.0 3.675901366488616 0.0 3.0 -0.0
736.5940879999995 141.77406805509167 -0.0 0.6682953382398975 0.0 3.0 -0.0
736.6479579999994 172.663815302258 -0.0 0.16026330780665435 0.0 3.0 -0.0
736.7024269999995 10.703879278579791 -0.0 2.8239573318649263 0.0 3.0 -0.0
736.7568249999995 -45.757518943819115 -0.0 3.752556667771003 0.0 3.0 -0.0
736.8113189999995 145.53578441301576 -0.0 0.6064278071157824 0.0 3.0 -0.0
736.8648859999995 176.14742969421354 -0.0 0.10296961489843603 0.0 3.0 -0.0
736.9192999999995 8.868892596977831 -0.0 2.85413666619916 0.0 3.0 -0.0
736.9734799999994 -48.77478999463363 -0.0 3.802180587515227 0.0 3.0 -0.0
737.0278209999994 142.74863719196736 -0.0 0.6522669669669682 0.0 3.0 -0.0
737.0813209999994 181.6451227116097 -0.0 0.012551129956554784 0.0 3.0 -0.0
737.1351299999994 15.697655109831793 -0.0 2.7418265829539865 0.0 3.0 -0.0
737.1895149999995 -55.83959666548699 -0.0 3.918372800060482 0.0 3.0 -0.0
737.2432319999995 140.38778266559376 -0.0 0.6910950515412481 0.0 3.0 -0.0
737.2974109999994 186.87591391403294 -0.0 -0.07347772143144751 0.0 3.0 -0.0
737.3518129999994 16.710759940869952 -0.0 2.7251644296435136 0.0 3.0 -0.0
737.4061089999994 -66.00554284420805 -0.0 4.085568285252563 0.0 3.0 -0.0
737.4600809999995 131.83288420507463 -0.0 0.8317942421261255 0.0 3.0 -0.0
737.5135519999994 197.8975686820931 -0.0 -0.2547467232704155 0.0 3.0 -0.0
737.5669599999994 31.209420999212337 -0.0 2.486710415853913 0.0 3.0 -0.0
737.6208409999995 -77.33657798123946 -0.0 4.271925549412585 0.0 3.0 -0.0
737.6752789999995 119.30163987249593 -0.0 1.0378908945588852 0.0 3.0 -0.0
737.7291089999994 212.58433389201372 -0.0 -0.49629441514338035 0.0 3.0 -0.0
737.7826799999995 48.27305924044938 -0.0 2.20607118909335 0.0 3.0 -0.0
737.8363819999995 -93.95086825574855 -0.0 4.545174519526461 0.0 3.0 -0.0
737.8902599999996 90.93228585439503 -0.0 1.5044709675058212 0.0 3.0 -0.0
737.9442419999996 224.5466100421633 -0.0 -0.6930334623274308 0.0 3.0 -0.0
737.9984009999996 76.32975324967875 -0.0 1.7446333174687911 0.0 3.0 -0.0
738.0529809999996 -96.82535422788551 -0.0 4.592450106898274 0.0 3.0 -0.0
738.1069689999996 57.89789608437218 -0.0 2.047775125183169 0.0 3.0 -0.0
738.1606539999996 200.71491168906624 -0.0 -0.30108250183172275 0.0 3.0 -0.0
738.2139999999996 78.1571613914946 -0.0 1.7145786245220203 0.0 3.0 -0.0
738.2677229999996 -62.08672053382931 -0.0 4.021116891742652 0.0 3.0 -0.0
738.3218009999996 67.05709809718356 -0.0 1.8971371818395673 0.0 3.0 -0.0
738.3756799999996 184.78984494391844 -0.0 -0.03916893133254934 0.0 3.0 -0.0
738.4294979999996 60.43075320965608 -0.0 2.0061181786934776 0.0 3.0 -0.0
738.4832579999996 -50.146934769982494 -0.0 3.8247477354653547 0.0 3.0 -0.0
738.5371809999997 94.03725185884666 -0.0 1.45340476191191 0.0 3.0 -0.0
738.5909829999997 180.9447509992746 -0.0 0.024069879534806708 0.0 3.0 -0.0
738.6445709999997 28.016683049633833 -0.0 2.5392201735475255 0.0 3.0 -0.0
738.6988419999997 -52.148657628259635 -0.0 3.8576693168534466 0.0 3.0 -0.0
738.7526619999996 133.09888714534648 -0.0 0.8109727689319819 0.0 3.0 -0.0
738.8069239999996 181.17213677744002 -0.0 0.02033015134445661 0.0 3.0 -0.0
738.8611809999996 13.150456270783291 -0.0 2.7837194022044813 0.0 3.0 -0.0
738.9153549999996 -56.659873992677035 -0.0 3.9318635920930696 0.0 3.0 -0.0
738.9693669999996 136.94572921897034 -0.0 0.7477052072461721 0.0 3.0 -0.0
739.0230659999996 185.12367740831334 -0.0 -0.044659348050886886 0.0 3.0 -0.0
739.0769929999997 19.57755187357616 -0.0 2.6780153832382867 0.0 3.0 -0.0
739.1310169999997 -64.01736542410133 -0.0 4.052869480580699 0.0 3.0 -0.0
739.1846299999997 132.47334069551002 -0.0 0.8212608956200323 0.0 3.0 -0.0
739.2383199999997 196.36782029105055 -0.0 -0.22958752805477212 0.0 3.0 -0.0
739.2922809999997 26.48976134840908 -0.0 2.5643328792611326 0.0 3.0 -0.0
739.3457369999996 -77.3285761072289 -0.0 4.2717939456066905 0.0 3.0 -0.0
739.3991649999997 118.16325934477466 -0.0 1.0566134100355036 0.0 3.0 -0.0
739.4529289999997 209.69227885198228 -0.0 -0.44872987593380004 0.0 3.0 -0.0
739.5066399999997 47.75395082987253 -0.0 2.2146087694668677 0.0 3.0 -0.0
739.5608689999997 -91.26519705121952 -0.0 4.501004297472018 0.0 3.0 -0.0
739.6146019999996 96.32991725390431 -0.0 1.4156981582794692 0.0 3.0 -0.0
739.6679939999997 222.88205390212687 -0.0 -0.6656571348739774 0.0 3.0 -0.0
739.7216869999996 72.31318596455064 -0.0 1.8106922857377064 0.0 3.0 -0.0
739.7757309999996 -93.01144184991512 -0.0 4.5297241275054665 0.0 3.0 -0.0
739.8292439999996 62.18790097396575 -0.0 1.9772190316939706 0.0 3.0 -0.0
739.8833269999996 204.67831181014682 -0.0 -0.36626704979258895 0.0 3.0 -0.0
739.9366999999995 70.17782802258348 -0.0 1.8458117129793405 0.0 3.0 -0.0
739.9902129999995 -71.43872415422665 -0.0 4.174925770458076 0.0 3.0 -0.0
740.0442519999995 75.23072879852872 -0.0 1.7627085583875965 0.0 3.0 -0.0
740.0984179999995 196.67586652943652 -0.0 -0.234653848432933 0.0 3.0 -0.0
740.1525529999994 51.44827076222608 -0.0 2.1538496819519724 0.0 3.0 -0.0
740.2067909999995 -68.79830780092038 -0.0 4.131499837884854 0.0 3.0 -0.0
740.2607499999995 102.41937864170184 -0.0 1.3155470819908341 0.0 3.0 -0.0
740.3151299999995 196.83423217272977 -0.0 -0.2372584284791654 0.0 3.0 -0.0
740.3690679999995 29.883600896369916 -0.0 2.508515679375389 0.0 3.0 -0.0
740.4228149999996 -75.5967360724973 -0.0 4.243311025296911 0.0 3.0 -0.0
740.4769599999995 115.99779636604849 -0.0 1.0922279634699348 0.0 3.0 -0.0
740.5307859999995 207.43946778833765 -0.0 -0.41167874146875993 0.0 3.0 -0.0
740.5845429999995 41.901715178562064 -0.0 2.310858283479379 0.0 3.0 -0.0
740.6379779999995 -89.05545646000192 -0.0 4.464661526833452 0.0 3.0 -0.0
740.6917149999995 97.47599094478494 -0.0 1.3968491162479706 0.0 3.0 -0.0
740.7459059999994 220.45558690192257 -0.0 -0.6257499466723605 0.0 3.0 -0.0
740.7997319999994 67.38393394743852 -0.0 1.8917618357969208 0.0 3.0 -0.0
740.8529029999994 -97.25924454693708 -0.0 4.5995861374397125 0.0 3.0 -0.0
740.9064279999994 69.67926778596174 -0.0 1.8540113452805551 0.0 3.0 -0.0
740.9618219999994 211.46910737044388 -0.0 -0.477952704879043 0.0 3.0 -0.0
741.0157179999994 64.07030510853711 -0.0 1.9462598403826872 0.0 3.0 -0.0
741.0747179999994 -90.58684186697816 -0.0 4.489847645433155 0.0 3.0 -0.0
741.1288539999994 78.87043738898424 -0.0 1.702847643029538 0.0 3.0 -0.0
741.1825169999994 216.10195588359784 -0.0 -0.5541474182250103 0.0 3.0 -0.0
741.2355769999994 72.92344281642063 -0.0 1.8006556213046638 0.0 3.0 -0.0
741.2891259999993 -84.66531485512516 -0.0 4.392458522530152 0.0 3.0 -0.0
741.3425629999994 65.01851679186201 -0.0 1.930664960214017 0.0 3.0 -0.0
741.3965749999993 202.60183933803845 -0.0 -0.3321160896794161 0.0 3.0 -0.0
741.4507639999993 69.93042219514525 -0.0 1.8498807033743976 0.0 3.0 -0.0
741.5047009999993 -75.66111498662966 -0.0 4.244369841032826 0.0 3.0 -0.0
741.5579389999992 75.04241460533594 -0.0 1.765805690946229 0.0 3.0 -0.0
741.6119329999992 199.1518345444571 -0.0 -0.2753751611679884 0.0 3.0 -0.0
741.6657319999993 54.750117550011446 -0.0 2.099545452320182 0.0 3.0 -0.0
741.7196199999993 -71.24164887993254 -0.0 4.171684547700677 0.0 3.0 -0.0
741.7737609999992 98.43294453661575 -0.0 1.381110461204984 0.0 3.0 -0.0
741.8291769999993 198.77481244023656 -0.0 -0.2691744207218864 0.0 3.0 -0.0
741.8865799999993 22.426714818140532 -0.0 2.6311562741565515 0.0 3.0 -0.0
741.9400909999993 -84.52797880791057 -0.0 4.390199808324438 0.0 3.0 -0.0
741.9934799999993 112.70859616277117 -0.0 1.1463241994928985 0.0 3.0 -0.0
742.0473719999993 218.93503890553396 -0.0 -0.6007420668799036 0.0 3.0 -0.0
742.1019719999994 60.94928015779469 -0.0 1.997590161413525 0.0 3.0 -0.0
742.1563659999994 -102.17656672174179 -0.0 4.68045948187893 0.0 3.0 -0.0
742.2098549999994 79.68986440685352 -0.0 1.6893708357138624 0.0 3.0 -0.0
742.2635679999994 222.04293936824234 -0.0 -0.6518565344027478 0.0 3.0 -0.0
742.3191319999994 77.85739280634945 -0.0 1.719508805457229 0.0 3.0 -0.0
742.3731609999994 -99.2412298567142 -0.0 4.632183102806831 0.0 3.0 -0.0
