15.789949000000002 0.0 -0.0 0.0 0.0 0.0 -0.0
15.844815000000002 0.0 -0.0 0.0 0.0 0.0 -0.0
15.899975000000003 0.0 -0.0 0.0 0.0 0.0 -0.0
15.954630000000003 0.0 -0.0 0.0 0.0 0.0 -0.0
16.009345000000003 0.0 -0.0 0.0 0.0 0.0 -0.0
16.068165000000004 0.0 -0.0 0.0 0.0 0.0 -0.0
16.123298000000005 0.0 -0.0 0.0 0.0 0.0 -0.0
16.177470000000007 0.0 -0.0 0.0 0.0 0.0 -0.0
16.231450000000006 0.0 -0.0 0.0 0.0 0.0 -0.0
16.287691000000006 0.0 -0.0 0.0 0.0 0.0 -0.0
16.346780000000006 0.0 -0.0 0.0 0.0 0.0 -0.0
16.405417000000007 0.0 -0.0 0.0 0.0 0.0 -0.0
16.461563000000005 0.0 -0.0 0.0 0.0 0.0 -0.0
16.515981000000004 0.0 -0.0 0.0 0.0 0.0 -0.0
16.570227000000003 0.0 -0.0 0.0 0.0 0.0 -0.0
16.626324000000004 0.0 -0.0 0.0 0.0 0.0 -0.0
16.683757000000004 0.0 -0.0 0.0 0.0 0.0 -0.0
16.739426000000005 0.0 -0.0 0.0 0.0 0.0 -0.0
16.794333000000005 0.0 -0.0 0.0 0.0 0.0 -0.0
16.849708000000007 0.0 -0.0 0.0 0.0 0.0 -0.0
16.904514000000006 0.0 -0.0 0.0 0.0 0.0 -0.0
16.958530000000007 0.0 -0.0 0.0 0.0 0.0 -0.0
17.012859000000006 0.0 -0.0 0.0 0.0 0.0 -0.0
17.067743000000007 0.0 -0.0 0.0 0.0 0.0 -0.0
17.122336000000008 0.0 -0.0 0.0 0.0 0.0 -0.0
17.176015000000007 0.0 -0.0 0.0 0.0 0.0 -0.0
17.230466000000007 0.0 -0.0 0.0 0.0 0.0 -0.0
17.285775000000008 0.0 -0.0 0.0 0.0 0.0 -0.0
17.34075900000001 0.0 -0.0 0.0 0.0 0.0 -0.0
17.39578300000001 0.0 -0.0 0.0 0.0 0.0 -0.0
17.45071900000001 0.0 -0.0 0.0 0.0 0.0 -0.0
17.505206000000012 0.0 -0.0 0.0 0.0 0.0 -0.0
17.55952400000001 0.0 -0.0 0.0 0.0 0.0 -0.0
17.61387200000001 0.0 -0.0 0.0 0.0 0.0 -0.0
17.66815900000001 0.0 -0.0 0.0 0.0 0.0 -0.0
17.72526400000001 0.0 -0.0 0.0 0.0 0.0 -0.0
17.77963200000001 0.0 -0.0 0.0 0.0 0.0 -0.0
17.83435600000001 0.0 -0.0 0.0 0.0 0.0 -0.0
17.88886400000001 0.0 -0.0 0.0 0.0 0.0 -0.0
17.94551000000001 0.0 -0.0 0.0 0.0 0.0 -0.0
17.99973600000001 0.0 -0.0 0.0 0.0 0.0 -0.0
18.05914000000001 0.0 -0.0 0.0 0.0 0.0 -0.0
18.11393800000001 0.0 -0.0 0.0 0.0 0.0 -0.0
18.170194000000013 0.0 -0.0 0.0 0.0 0.0 -0.0
18.224048000000014 0.0 -0.0 0.0 0.0 0.0 -0.0
18.277904000000014 0.0 -0.0 0.0 0.0 0.0 -0.0
18.332334000000014 0.0 -0.0 0.0 0.0 0.0 -0.0
18.388799000000013 0.0 -0.0 0.0 0.0 0.0 -0.0
18.444962000000015 0.0 -0.0 0.0 0.0 0.0 -0.0
18.503629000000014 0.0 -0.0 0.0 0.0 0.0 -0.0
18.558382000000016 0.0 -0.0 0.0 0.0 0.0 -0.0
18.613106000000016 0.0 -0.0 0.0 0.0 0.0 -0.0
18.668368000000015 0.0 -0.0 0.0 0.0 0.0 -0.0
18.723461000000015 0.0 -0.0 0.0 0.0 0.0 -0.0
18.777933000000015 0.0 -0.0 0.0 0.0 0.0 -0.0
18.834243000000015 0.0 -0.0 0.0 0.0 0.0 -0.0
18.889067000000015 0.0 -0.0 0.0 0.0 0.0 -0.0
18.946310000000015 0.0 -0.0 0.0 0.0 0.0 -0.0
19.000221000000014 0.0 -0.0 0.0 0.0 0.0 -0.0
19.054259000000012 0.0 -0.0 0.0 0.0 0.0 -0.0
19.108333000000012 0.0 -0.0 0.0 0.0 0.0 -0.0
19.162407000000012 0.0 -0.0 0.0 0.0 0.0 -0.0
19.217127000000012 0.0 -0.0 0.0 0.0 0.0 -0.0
19.271492000000013 0.0 -0.0 0.0 0.0 0.0 -0.0
19.330923000000013 0.0 -0.0 0.0 0.0 0.0 -0.0
19.384759000000013 0.0 -0.0 0.0 0.0 0.0 -0.0
19.439079000000014 0.0 -0.0 0.0 0.0 0.0 -0.0
19.493132000000013 0.0 -0.0 0.0 0.0 0.0 -0.0
19.549570000000013 0.0 -0.0 0.0 0.0 0.0 -0.0
19.60603400000001 0.0 -0.0 0.0 0.0 0.0 -0.0
19.66071500000001 0.0 -0.0 0.0 0.0 0.0 -0.0
19.71520900000001 0.0 -0.0 0.0 0.0 0.0 -0.0
19.77013800000001 0.0 -0.0 0.0 0.0 0.0 -0.0
19.82522000000001 0.0 -0.0 0.0 0.0 0.0 -0.0
19.87978600000001 0.0 -0.0 0.0 0.0 0.0 -0.0
19.93357200000001 0.0 -0.0 0.0 0.0 0.0 -0.0
19.987490000000008 0.0 -0.0 0.0 0.0 0.0 -0.0
20.042558000000007 0.0 -0.0 0.0 0.0 0.0 -0.0
20.097002000000007 0.0 -0.0 0.0 0.0 0.0 -0.0
20.15108800000001 0.0 -0.0 0.0 0.0 0.0 -0.0
20.20599500000001 0.0 -0.0 0.0 0.0 0.0 -0.0
20.262829000000007 0.0 -0.0 0.0 0.0 0.0 -0.0
20.316609000000007 0.0 -0.0 0.0 0.0 0.0 -0.0
20.371036000000007 0.0 -0.0 0.0 0.0 0.0 -0.0
20.425372000000007 0.0 -0.0 0.0 0.0 0.0 -0.0
20.480387000000007 0.0 -0.0 0.0 0.0 0.0 -0.0
20.53435200000001 0.0 -0.0 0.0 0.0 0.0 -0.0
20.59051500000001 0.0 -0.0 0.0 0.0 0.0 -0.0
20.64515500000001 0.0 -0.0 0.0 0.0 0.0 -0.0
20.70274500000001 0.0 -0.0 0.0 0.0 0.0 -0.0
20.75649000000001 0.0 -0.0 0.0 0.0 0.0 -0.0
20.81504300000001 0.0 -0.0 0.0 0.0 0.0 -0.0
20.87104400000001 0.0 -0.0 0.0 0.0 0.0 -0.0
20.92664300000001 0.0 -0.0 0.0 0.0 0.0 -0.0
20.98414300000001 0.0 -0.0 0.0 0.0 0.0 -0.0
21.03979900000001 0.0 -0.0 0.0 0.0 0.0 -0.0
21.094452000000008 0.0 -0.0 0.0 0.0 0.0 -0.0
21.14883100000001 0.0 -0.0 0.0 0.0 0.0 -0.0
21.202828000000007 0.0 -0.0 0.0 0.0 0.0 -0.0
21.256525000000007 0.0 -0.0 0.0 0.0 0.0 -0.0
21.311096000000006 0.0 -0.0 0.0 0.0 0.0 -0.0
21.365234000000004 0.0 -0.0 0.0 0.0 0.0 -0.0
21.419828000000006 0.0 -0.0 0.0 0.0 0.0 -0.0
21.474034000000007 0.0 -0.0 0.0 0.0 0.0 -0.0
21.528316000000007 0.0 -0.0 0.0 0.0 0.0 -0.0
21.582030000000007 0.0 -0.0 0.0 0.0 0.0 -0.0
21.638654000000006 0.0 -0.0 0.0 0.0 0.0 -0.0
21.693883000000007 0.0 -0.0 0.0 0.0 0.0 -0.0
21.749435000000005 0.0 -0.0 0.0 0.0 0.0 -0.0
21.803947000000004 0.0 -0.0 0.0 0.0 0.0 -0.0
21.858214000000004 0.0 -0.0 0.0 0.0 0.0 -0.0
21.914013000000004 0.0 -0.0 0.0 0.0 0.0 -0.0
21.968338000000003 0.0 -0.0 0.0 0.0 0.0 -0.0
22.022266000000002 0.0 -0.0 0.0 0.0 0.0 -0.0
22.076704000000003 0.0 -0.0 0.0 0.0 0.0 -0.0
22.130759000000005 0.0 -0.0 0.0 0.0 0.0 -0.0
22.184795000000005 0.0 -0.0 0.0 0.0 0.0 -0.0
22.242137000000003 0.0 -0.0 0.0 0.0 0.0 -0.0
22.301559000000005 0.0 -0.0 0.0 0.0 0.0 -0.0
22.357063000000004 0.0 -0.0 0.0 0.0 0.0 -0.0
22.410961000000004 0.0 -0.0 0.0 0.0 0.0 -0.0
22.464842000000004 0.0 -0.0 0.0 0.0 0.0 -0.0
22.519130000000004 0.0 -0.0 0.0 0.0 0.0 -0.0
22.572796000000004 0.0 -0.0 0.0 0.0 0.0 -0.0
22.626656000000004 0.0 -0.0 0.0 0.0 0.0 -0.0
22.680725000000002 0.0 -0.0 0.0 0.0 0.0 -0.0
22.739447000000002 0.0 -0.0 0.0 0.0 0.0 -0.0
22.793881000000003 0.0 -0.0 0.0 0.0 0.0 -0.0
22.849113000000003 0.0 -0.0 0.0 0.0 0.0 -0.0
22.905158000000004 0.0 -0.0 0.0 0.0 0.0 -0.0
22.959157000000005 0.0 -0.0 0.0 0.0 0.0 -0.0
23.013436000000006 0.0 -0.0 0.0 0.0 0.0 -0.0
23.067555000000006 0.0 -0.0 0.0 0.0 0.0 -0.0
23.121337000000008 0.0 -0.0 0.0 0.0 0.0 -0.0
23.175558000000006 0.0 -0.0 0.0 0.0 0.0 -0.0
23.230040000000006 0.0 -0.0 0.0 0.0 0.0 -0.0
23.284618000000005 0.0 -0.0 0.0 0.0 0.0 -0.0
23.341315000000005 0.0 -0.0 0.0 0.0 0.0 -0.0
23.395737000000004 0.0 -0.0 0.0 0.0 0.0 -0.0
23.450414000000006 0.0 -0.0 0.0 0.0 0.0 -0.0
23.505057000000004 0.0 -0.0 0.0 0.0 0.0 -0.0
23.560293000000005 0.0 -0.0 0.0 0.0 0.0 -0.0
23.614370000000005 0.0 -0.0 0.0 0.0 0.0 -0.0
23.668663000000006 0.0 -0.0 0.0 0.0 0.0 -0.0
23.722466000000004 0.0 -0.0 0.0 0.0 0.0 -0.0
23.776209000000005 0.0 -0.0 0.0 0.0 0.0 -0.0
23.830085000000004 0.0 -0.0 0.0 0.0 0.0 -0.0
23.885306000000003 0.0 -0.0 0.0 0.0 0.0 -0.0
23.939886000000005 0.0 -0.0 0.0 0.0 0.0 -0.0
23.994425000000003 0.0 -0.0 0.0 0.0 0.0 -0.0
24.048412000000003 0.0 -0.0 0.0 0.0 0.0 -0.0
24.102682 0.0 -0.0 0.0 0.0 0.0 -0.0
24.156380000000002 0.0 -0.0 0.0 0.0 0.0 -0.0
24.210864 0.0 -0.0 0.0 0.0 0.0 -0.0
24.26461 0.0 -0.0 0.0 0.0 0.0 -0.0
24.318881 0.0 -0.0 0.0 0.0 0.0 -0.0
24.373874 0.0 -0.0 0.0 0.0 0.0 -0.0
24.428122000000002 0.0 -0.0 0.0 0.0 0.0 -0.0
24.48279 0.0 -0.0 0.0 0.0 0.0 -0.0
24.537967000000002 0.0 -0.0 0.0 0.0 0.0 -0.0
24.592995000000002 0.0 -0.0 0.0 0.0 0.0 -0.0
24.648280000000003 0.0 -0.0 0.0 0.0 0.0 -0.0
24.702824000000003 0.0 -0.0 0.0 0.0 0.0 -0.0
24.759386000000003 0.0 -0.0 0.0 0.0 0.0 -0.0
24.813560000000003 0.0 -0.0 0.0 0.0 0.0 -0.0
24.867323000000003 0.0 -0.0 0.0 0.0 0.0 -0.0
24.921133 0.0 -0.0 0.0 0.0 0.0 -0.0
24.976832 0.0 -0.0 0.0 0.0 0.0 -0.0
25.030635 0.0 -0.0 0.0 0.0 0.0 -0.0
25.08426 0.0 -0.0 0.0 0.0 0.0 -0.0
25.138333 0.0 -0.0 0.0 0.0 0.0 -0.0
25.192334 0.0 -0.0 0.0 0.0 0.0 -0.0
25.246361 0.0 -0.0 0.0 0.0 0.0 -0.0
25.300694 0.0 -0.0 0.0 0.0 0.0 -0.0
25.355159 0.0 -0.0 0.0 0.0 0.0 -0.0
25.408878 0.0 -0.0 0.0 0.0 0.0 -0.0
25.462687000000003 0.0 -0.0 0.0 0.0 0.0 -0.0
25.517033 0.0 -0.0 0.0 0.0 0.0 -0.0
25.571364000000003 0.0 -0.0 0.0 0.0 0.0 -0.0
25.625964000000003 0.0 -0.0 0.0 0.0 0.0 -0.0
25.680351 0.0 -0.0 0.0 0.0 0.0 -0.0
25.734806000000003 0.0 -0.0 0.0 0.0 0.0 -0.0
25.789768000000002 0.0 -0.0 0.0 0.0 0.0 -0.0
25.843843000000003 0.0 -0.0 0.0 0.0 0.0 -0.0
25.897774000000002 0.0 -0.0 0.0 0.0 0.0 -0.0
25.951725000000003 0.0 -0.0 0.0 0.0 0.0 -0.0
26.005819000000002 0.0 -0.0 0.0 0.0 0.0 -0.0
26.060731000000004 0.0 -0.0 0.0 0.0 0.0 -0.0
26.114671000000005 0.0 -0.0 0.0 0.0 0.0 -0.0
26.168788000000006 0.0 -0.0 0.0 0.0 0.0 -0.0
26.222704000000007 0.0 -0.0 0.0 0.0 0.0 -0.0
26.276884000000006 0.0 -0.0 0.0 0.0 0.0 -0.0
26.330868000000006 0.0 -0.0 0.0 0.0 0.0 -0.0
26.384862000000005 0.0 -0.0 0.0 0.0 0.0 -0.0
26.445356000000004 0.0 -0.0 0.0 0.0 0.0 -0.0
26.499851000000003 0.0 255.0 0.0 0.0 0.0 6.0
26.554052000000002 0.0 255.0 0.0 0.5309486535638623 0.0 6.0
26.608285000000002 0.0 223.5041765973642 0.0 4.615643318794275 0.0 6.0
26.665827000000004 0.0 198.73234344300377 0.0 7.03336475925336 0.0 6.0
26.720364000000004 0.0 203.37483216622218 0.0 6.539683185067495 0.0 6.0
26.774998000000004 0.0 207.88730743160292 0.0 6.083854359454957 0.0 6.0
26.832220000000003 0.0 209.65836539216804 0.0 5.911795784989762 0.0 6.0
26.886100000000003 0.0 210.86990667431292 0.0 5.801345178554743 0.0 6.0
26.940626 0.0 211.8514361904285 0.0 5.718539160668571 0.0 6.0
26.995523000000002 0.0 211.28920739924996 0.0 5.786483457424209 0.0 6.0
27.050739000000004 0.0 212.02568186594664 0.0 5.727862362544295 0.0 6.0
27.105669000000002 0.0 212.03557235848209 0.0 5.741094966766278 0.0 6.0
27.160385 0.0 211.80172636651503 0.0 5.776697770739217 0.0 6.0
27.215434000000002 0.0 212.56910369868615 0.0 5.715615139696928 0.0 6.0
27.270315000000004 0.0 211.95058565916648 0.0 5.789044398040059 0.0 6.0
27.324363000000005 0.0 212.76107931251903 0.0 5.722968055254412 0.0 6.0
27.384042000000004 0.0 212.47409897525006 0.0 5.765651757731645 0.0 6.0
27.439993000000005 0.0 212.81212890114472 0.0 5.746057123050385 0.0 6.0
27.498560000000005 0.0 213.83990294208976 0.0 5.663015868580715 0.0 6.0
27.555753000000006 0.0 211.92940796303503 0.0 5.861960272614544 0.0 6.0
27.610457000000007 0.0 213.55663660005206 0.0 5.7148369674456925 0.0 6.0
27.676742000000008 0.0 215.75848866088896 0.0 5.52606644692742 0.0 6.0
27.731624000000007 0.0 209.81614069646335 0.0 6.114042370018617 0.0 6.0
27.785813000000008 0.0 213.05425862029637 0.0 5.801013459289857 0.0 6.0
27.839367000000006 0.0 213.46463992203985 0.0 5.772176204651599 0.0 6.0
27.893886000000006 0.0 213.83129386713188 0.0 5.749184993482712 0.0 6.0
27.948102000000006 0.0 213.50730550520436 0.0 5.792816490809723 0.0 6.0
28.002390000000005 0.0 213.56106099089408 0.0 5.7983861546757165 0.0 6.0
28.056356000000005 0.0 213.8297890839376 0.0 5.783212499617029 0.0 6.0
28.116853000000006 0.0 213.7547900164201 0.0 5.802651404359259 0.0 6.0
28.170762000000007 0.0 213.89845874731876 0.0 5.799114089802244 0.0 6.0
28.226053000000007 0.0 214.6695034794696 0.0 5.7365746666911415 0.0 6.0
28.280182000000007 0.0 213.3084579334724 0.0 5.879217079969206 0.0 6.0
28.337244000000005 0.0 214.0839212806962 0.0 5.812376894871661 0.0 6.0
28.391102000000007 0.0 214.1167089693985 0.0 5.818854272588366 0.0 6.0
28.445068000000006 0.0 214.3278335302263 0.0 5.808097999845902 0.0 6.0
28.503767000000007 0.0 214.21678454175705 0.0 5.829227097307947 0.0 6.0
28.557592000000007 0.0 214.35224719562996 0.0 5.825095088767735 0.0 6.0
28.612429000000006 0.0 214.53033273616907 0.0 5.817304981446253 0.0 6.0
28.671068000000005 0.0 214.79447006836585 0.0 5.802473976706484 0.0 6.0
28.725514000000004 0.0 214.50018704067514 0.0 5.840581954387001 0.0 6.0
28.781851000000003 0.0 214.65538760465748 0.0 5.834391768904022 0.0 6.0
28.839111000000003 0.0 215.32830511279798 0.0 5.7797136164141 0.0 6.0
28.894005000000003 0.0 214.58181117396654 0.0 5.861941588725732 0.0 6.0
28.948237000000002 0.0 214.8906347296342 0.0 5.839749915729144 0.0 6.0
29.002104000000003 0.0 214.88837071783735 0.0 5.848155713110695 0.0 6.0
29.055988000000003 0.0 215.15849022783553 0.0 5.830288496751899 0.0 6.0
29.109870000000004 0.0 215.09755481239978 0.0 5.844747360990579 0.0 6.0
29.163745000000006 0.0 215.43589898716527 0.0 5.8205792371144875 0.0 6.0
29.218508000000007 0.0 214.940738259151 0.0 5.8768399250977845 0.0 6.0
29.27220000000001 0.0 215.45653225147822 0.0 5.834164562191857 0.0 6.0
29.32667300000001 0.0 215.48187064288592 0.0 5.840328508222673 0.0 6.0
29.38088500000001 0.0 215.0668162515844 0.0 5.887910541098778 0.0 6.0
29.44016600000001 0.0 215.36693208876062 0.0 5.8658514193883935 0.0 6.0
29.49353300000001 0.0 215.53058485147463 0.0 5.857111664896463 0.0 6.0
29.54777000000001 0.0 -49.51796678845943 0.0 5.780845975126266 0.0 0.0
29.60146600000001 0.0 -49.301541772224795 0.0 5.46571636743691 0.0 0.0
29.655328000000008 0.0 -12.033804687269715 0.0 1.650066762955114 0.0 0.0
29.709325000000007 0.0 5.084768713181545 0.0 -0.05862500281311256 0.0 0.0
29.763513000000007 0.0 4.49851868505042 0.0 0.0 0.0 0.0
29.817815000000007 0.0 4.49851868505042 0.0 0.0 0.0 0.0
29.872193000000006 0.0 4.49851868505042 0.0 0.0 0.0 0.0
29.926221000000005 0.0 4.49851868505042 0.0 0.0 0.0 0.0
29.981475000000007 0.0 4.49851868505042 0.0 0.0 0.0 0.0
30.035146000000008 0.0 4.49851868505042 0.0 0.0 0.0 0.0
30.088836000000008 0.0 4.49851868505042 0.0 0.0 0.0 0.0
30.147747000000006 0.0 4.49851868505042 0.0 0.0 0.0 0.0
30.201523000000005 0.0 4.49851868505042 0.0 0.0 0.0 0.0
30.257368000000007 0.0 4.49851868505042 0.0 0.0 0.0 0.0
30.311555000000006 0.0 4.49851868505042 0.0 0.0 0.0 0.0
30.365301000000006 0.0 4.49851868505042 0.0 0.0 0.0 0.0
30.419314000000007 0.0 4.49851868505042 0.0 0.0 0.0 0.0
30.473368000000008 0.0 4.49851868505042 0.0 0.0 0.0 0.0
30.52694200000001 0.0 4.49851868505042 0.0 0.0 0.0 0.0
30.58018300000001 0.0 4.49851868505042 0.0 0.0 0.0 0.0
30.63451400000001 0.0 4.49851868505042 0.0 0.0 0.0 0.0
30.69065800000001 0.0 4.49851868505042 0.0 0.0 0.0 0.0
30.74746700000001 0.0 4.49851868505042 0.0 0.0 0.0 0.0
30.80199000000001 0.0 4.49851868505042 0.0 0.0 0.0 0.0
30.85611800000001 0.0 4.49851868505042 0.0 0.0 0.0 0.0
30.90985600000001 0.0 4.49851868505042 0.0 0.0 0.0 0.0
30.96378500000001 0.0 4.49851868505042 0.0 0.0 0.0 0.0
31.01787800000001 0.0 4.49851868505042 0.0 0.0 0.0 0.0
31.07179300000001 0.0 4.49851868505042 0.0 0.0 0.0 0.0
31.13054000000001 0.0 4.49851868505042 0.0 0.0 0.0 0.0
31.18428800000001 0.0 4.49851868505042 0.0 0.0 0.0 0.0
31.23804100000001 0.0 4.49851868505042 0.0 0.0 0.0 0.0
31.29532500000001 0.0 4.49851868505042 0.0 0.0 0.0 0.0
31.35020900000001 0.0 4.49851868505042 0.0 0.0 0.0 0.0
31.40464800000001 0.0 4.49851868505042 0.0 0.0 0.0 0.0
31.458182000000008 0.0 4.49851868505042 0.0 0.0 0.0 0.0
31.512604000000007 0.0 255.0 0.0 0.0 0.0 6.0
31.567266000000007 0.0 255.0 0.0 0.6633532334068781 0.0 6.0
31.622073000000007 0.0 225.21970622204896 0.0 4.875348895548038 0.0 6.0
31.676567000000006 0.0 202.18579377832475 0.0 7.117825364507013 0.0 6.0
31.730904000000006 0.0 206.7873295474176 0.0 6.623777584963561 0.0 6.0
31.786632000000004 0.0 210.9292401484326 0.0 6.198523222707045 0.0 6.0
31.844979000000006 0.0 212.00935963961786 0.0 6.085521358862944 0.0 6.0
31.904654000000004 0.0 214.3898988346983 0.0 5.856057224483825 0.0 6.0
31.959987000000005 0.0 213.6267186452446 0.0 5.935920930577547 0.0 6.0
32.01744300000001 0.0 214.79117276153414 0.0 5.829284167803289 0.0 6.0
32.071808000000004 0.0 214.62660070010142 0.0 5.853695232624908 0.0 6.0
32.12657900000001 0.0 214.77647436808354 0.0 5.847083268147015 0.0 6.0
32.180066000000004 0.0 215.11777771829347 0.0 5.822449572824366 0.0 6.0
32.233854 0.0 214.82368654454888 0.0 5.859420196660833 0.0 6.0
32.288812 0.0 215.83022339299328 0.0 5.771333561920374 0.0 6.0
32.343154 0.0 214.4644175538638 0.0 5.912660356728007 0.0 6.0
32.397573 0.0 215.22281361004963 0.0 5.845242499527629 0.0 6.0
32.453908 0.0 215.08067278315153 0.0 5.866951849761145 0.0 6.0
32.50864 0.0 215.03257782795137 0.0 5.87841588695627 0.0 6.0
32.564248 0.0 214.99423760437824 0.0 5.888452824640949 0.0 6.0
32.618472 0.0 215.53110270766828 0.0 5.843265107142263 0.0 6.0
32.673249999999996 0.0 215.5845670224774 0.0 5.846336077981674 0.0 6.0
32.726971 0.0 215.10415288030325 0.0 5.899762358536167 0.0 6.0
32.781419 0.0 215.65497818738484 0.0 5.852700017286775 0.0 6.0
32.835335 0.0 215.56641342104666 0.0 5.868638955970488 0.0 6.0
32.889275 0.0 215.58981713346338 0.0 5.873141340805754 0.0 6.0
32.943388 0.0 215.95916466643604 0.0 5.844614939298242 0.0 6.0
32.997907999999995 0.0 215.52061550289602 0.0 5.894236103300313 0.0 6.0
33.05190399999999 0.0 216.01405982196007 0.0 5.852837839416758 0.0 6.0
33.11517899999999 0.0 222.96839825399007 0.0 5.207546491936477 0.0 6.0
33.16940999999999 0.0 206.8954390919115 0.0 6.772925865530739 0.0 6.0
33.22382699999999 0.0 215.12039645522154 0.0 5.9529883615303385 0.0 6.0
33.27826699999999 0.0 215.52552641838992 0.0 5.916994200915652 0.0 6.0
33.33224599999999 0.0 215.99296967818722 0.0 5.876894961793282 0.0 6.0
33.38636499999999 0.0 215.79945115048474 0.0 5.901573555323004 0.0 6.0
33.44092299999999 0.0 216.22413543677447 0.0 5.8663943820008315 0.0 6.0
33.499810999999994 0.0 216.26489287861472 0.0 5.869975519428689 0.0 6.0
33.55605799999999 0.0 216.1469157398535 0.0 5.88806901539584 0.0 6.0
33.61040499999999 0.0 215.83323911382251 0.0 5.92358936668757 0.0 6.0
33.667185999999994 0.0 216.3015856001943 0.0 5.883376705344241 0.0 6.0
33.720912999999996 0.0 216.17971263778418 0.0 5.900888941429093 0.0 6.0
33.775135999999996 0.0 216.45746863425776 0.0 5.879639641500644 0.0 6.0
33.82965299999999 0.0 216.26369064803237 0.0 5.904238092058434 0.0 6.0
33.88377299999999 0.0 216.38212196763445 0.0 5.897919553844178 0.0 6.0
33.93782199999999 0.0 -49.36673269933135 0.0 5.887031731855046 0.0 0.0
33.99172299999999 0.0 -47.627367441671225 0.0 5.420903107681873 0.0 0.0
34.049738999999995 0.0 -9.328905857478517 0.0 1.5038118036613837 0.0 0.0
34.105945999999996 0.0 5.979600832625689 0.0 -0.025599967950446476 0.0 0.0
34.163368 0.0 5.7236011531212245 0.0 0.0 0.0 0.0
34.21859 0.0 5.7236011531212245 0.0 0.0 0.0 0.0
34.272478 0.0 5.7236011531212245 0.0 0.0 0.0 0.0
34.334044999999996 0.0 5.7236011531212245 0.0 0.0 0.0 0.0
34.390465 0.0 5.7236011531212245 0.0 0.0 0.0 0.0
34.445503 0.0 5.7236011531212245 0.0 0.0 0.0 0.0
34.499790000000004 0.0 5.7236011531212245 0.0 0.0 0.0 0.0
34.553982000000005 0.0 5.7236011531212245 0.0 0.0 0.0 0.0
34.608828 0.0 5.7236011531212245 0.0 0.0 0.0 0.0
34.665336 0.0 5.7236011531212245 0.0 0.0 0.0 0.0
34.719245 0.0 5.7236011531212245 0.0 0.0 0.0 0.0
34.774042 0.0 5.7236011531212245 0.0 0.0 0.0 0.0
34.828501 0.0 5.7236011531212245 0.0 0.0 0.0 0.0
34.882957000000005 0.0 5.7236011531212245 0.0 0.0 0.0 0.0
34.938003 0.0 5.7236011531212245 0.0 0.0 0.0 0.0
34.992674 0.0 5.7236011531212245 0.0 0.0 0.0 0.0
35.046643 0.0 5.7236011531212245 0.0 0.0 0.0 0.0
35.100153000000006 0.0 5.7236011531212245 0.0 0.0 0.0 0.0
35.154492000000005 0.0 5.7236011531212245 0.0 0.0 0.0 0.0
35.208495000000006 0.0 5.7236011531212245 0.0 0.0 0.0 0.0
35.262569000000006 0.0 5.7236011531212245 0.0 0.0 0.0 0.0
35.316635000000005 0.0 5.7236011531212245 0.0 0.0 0.0 0.0
35.37018700000001 0.0 5.7236011531212245 0.0 0.0 0.0 0.0
35.42367000000001 0.0 5.7236011531212245 0.0 0.0 0.0 0.0
35.47773800000001 0.0 5.7236011531212245 0.0 0.0 0.0 0.0
35.53395300000001 0.0 5.7236011531212245 0.0 0.0 0.0 0.0
35.59185800000001 0.0 5.7236011531212245 0.0 0.0 0.0 0.0
35.64671800000001 0.0 5.7236011531212245 0.0 0.0 0.0 0.0
35.70110400000001 0.0 5.7236011531212245 0.0 0.0 0.0 0.0
35.75556500000001 0.0 5.7236011531212245 0.0 0.0 0.0 0.0
35.80996900000001 0.0 5.7236011531212245 0.0 0.0 0.0 0.0
35.86510900000001 0.0 5.7236011531212245 0.0 0.0 0.0 0.0
35.91892800000001 0.0 5.7236011531212245 0.0 0.0 0.0 0.0
35.97271800000001 0.0 5.7236011531212245 0.0 0.0 0.0 0.0
36.02992900000001 0.0 5.7236011531212245 0.0 0.0 0.0 0.0
36.08409700000001 0.0 5.7236011531212245 0.0 0.0 0.0 0.0
36.13830600000001 0.0 5.7236011531212245 0.0 0.0 0.0 0.0
36.19287700000001 0.0 5.7236011531212245 0.0 0.0 0.0 0.0
36.24764600000001 0.0 5.7236011531212245 0.0 0.0 0.0 0.0
36.30250800000001 0.0 5.7236011531212245 0.0 0.0 0.0 0.0
36.35751900000001 0.0 5.7236011531212245 0.0 0.0 0.0 0.0
36.41176400000001 0.0 5.7236011531212245 0.0 0.0 0.0 0.0
36.46594200000001 0.0 5.7236011531212245 0.0 0.0 0.0 0.0
36.519297000000016 0.0 5.7236011531212245 0.0 0.0 0.0 0.0
36.57798800000002 0.0 5.7236011531212245 0.0 0.0 0.0 0.0
36.63340600000002 0.0 5.7236011531212245 0.0 0.0 0.0 0.0
36.688090000000024 0.0 5.7236011531212245 0.0 0.0 0.0 0.0
36.742208000000026 0.0 5.7236011531212245 0.0 0.0 0.0 0.0
36.796336000000025 0.0 5.7236011531212245 0.0 0.0 0.0 0.0
36.85253700000003 0.0 5.7236011531212245 0.0 0.0 0.0 0.0
36.906854000000024 0.0 5.7236011531212245 0.0 0.0 0.0 0.0
36.96063700000003 0.0 5.7236011531212245 0.0 0.0 0.0 0.0
37.01659800000003 0.0 5.7236011531212245 0.0 0.0 0.0 0.0
37.07050600000003 0.0 5.7236011531212245 0.0 0.0 0.0 0.0
37.12461300000003 0.0 5.7236011531212245 0.0 0.0 0.0 0.0
37.17872100000003 0.0 5.7236011531212245 0.0 0.0 0.0 0.0
37.23288200000003 0.0 5.7236011531212245 0.0 0.0 0.0 0.0
37.28824200000003 0.0 5.7236011531212245 0.0 0.0 0.0 0.0
37.34252400000003 0.0 5.7236011531212245 0.0 0.0 0.0 0.0
37.396212000000034 0.0 5.7236011531212245 0.0 0.0 0.0 0.0
37.450404000000034 0.0 5.7236011531212245 0.0 0.0 0.0 0.0
37.504511000000036 0.0 5.7236011531212245 0.0 0.0 0.0 0.0
37.55815900000004 0.0 5.7236011531212245 0.0 0.0 0.0 0.0
37.61173500000004 0.0 5.7236011531212245 0.0 0.0 0.0 0.0
37.665982000000035 0.0 5.7236011531212245 0.0 0.0 0.0 0.0
37.726338000000034 0.0 5.7236011531212245 0.0 0.0 0.0 0.0
37.77998600000004 0.0 5.7236011531212245 0.0 0.0 0.0 0.0
37.83496800000004 0.0 138.71098670617462 0.0 0.0 0.0 3.0
37.889136000000036 0.0 133.6527626111347 0.0 0.6339847249242931 0.0 3.0
37.94439100000004 0.0 113.25432953440642 0.0 2.6909069680760775 0.0 3.0
38.00116400000004 0.0 111.44929551635852 0.0 2.8783185886475784 0.0 3.0
38.05601800000004 0.0 110.62910843994842 0.0 2.962399816741073 0.0 3.0
38.110729000000035 0.0 111.96420381351365 0.0 2.8377662500766094 0.0 3.0
38.165129000000036 0.0 112.3927032436319 0.0 2.8054972563209257 0.0 3.0
38.21934300000004 0.0 112.52725355283317 0.0 2.8027366601096153 0.0 3.0
38.27929300000004 0.0 113.1474008263826 0.0 2.755386511396456 0.0 3.0
38.33405800000004 0.0 112.46967733785864 0.0 2.832340720680769 0.0 3.0
38.38837800000004 0.0 112.70710949274707 0.0 2.8184588219818716 0.0 3.0
38.44351200000004 0.0 112.95253185947318 0.0 2.8046850782073744 0.0 3.0
38.498415000000044 0.0 113.08273197558722 0.0 2.8025079714400003 0.0 3.0
38.55242300000005 0.0 113.20535165324728 0.0 2.8009939238354873 0.0 3.0
38.60657600000005 0.0 113.13075486002671 0.0 2.818293552413686 0.0 3.0
38.663780000000045 0.0 113.77785433357789 0.0 2.7669168912135857 0.0 3.0
38.719605000000044 0.0 112.68740391964101 0.0 2.8825202401982084 0.0 3.0
38.77369900000004 0.0 113.35817620946169 0.0 2.8249141074858044 0.0 3.0
38.82920400000004 0.0 113.58400160394888 0.0 2.812726200289989 0.0 3.0
38.88359000000004 0.0 113.66147189443798 0.0 2.815038488031024 0.0 3.0
38.93846300000004 0.0 113.74989863825408 0.0 2.816277233040767 0.0 3.0
38.99767300000004 0.0 113.53827502397664 0.0 2.8465267458469166 0.0 3.0
39.05144000000004 0.0 113.789699493308 0.0 2.8304979173894975 0.0 3.0
39.106141000000044 0.0 113.83727965650428 0.0 2.8347777247484074 0.0 3.0
39.16395900000004 0.0 113.87335103971566 0.0 2.8403984300014473 0.0 3.0
39.223562000000044 0.0 114.08536527094083 0.0 2.8293672317640945 0.0 3.0
39.277993000000045 0.0 114.18662385989813 0.0 2.828572351219153 0.0 3.0
39.331867000000045 0.0 114.11151660084232 0.0 2.8444625041748215 0.0 3.0
39.38601600000005 0.0 114.3013327870468 0.0 2.83444549637136 0.0 3.0
39.441079000000045 0.0 114.40181027848001 0.0 2.833562305974183 0.0 3.0
39.49581800000004 0.0 114.08497230494365 0.0 2.8722395809084698 0.0 3.0
39.55054900000004 0.0 114.45549051622129 0.0 2.8437400244998066 0.0 3.0
39.60528500000004 0.0 114.1833117945769 0.0 2.87765459476518 0.0 3.0
39.65887500000004 0.0 114.43976478938296 0.0 2.859536722334658 0.0 3.0
39.71339400000004 0.0 114.724025827359 0.0 2.839842258448691 0.0 3.0
39.76728100000004 0.0 114.50622023993164 0.0 2.868698273336161 0.0 3.0
39.82090800000004 0.0 114.7504903858611 0.0 2.852197465273019 0.0 3.0
39.87556400000004 0.0 114.86080488196336 0.0 2.8493973538886546 0.0 3.0
39.92989900000004 0.0 114.79307259076583 0.0 2.863582810974128 0.0 3.0
39.983564000000044 0.0 114.89451849277978 0.0 2.860902868343101 0.0 3.0
40.03781600000004 0.0 115.06330970763312 0.0 2.8520503132626405 0.0 3.0
40.092148000000044 0.0 114.91805400650944 0.0 2.8734515156279143 0.0 3.0
40.14644900000005 0.0 114.90428866606632 0.0 2.881274939198793 0.0 3.0
40.20390800000005 0.0 115.42011742450175 0.0 2.8389460616016775 0.0 3.0
40.25994600000005 0.0 115.16591308347435 0.0 2.871563803295353 0.0 3.0
40.314466000000046 0.0 114.58763383471954 0.0 2.9330422639407825 0.0 3.0
40.368856000000044 0.0 248.01255619402264 0.0 2.8933151711566065 0.0 6.0
40.42519400000004 0.0 240.24368327380387 0.0 3.7944582729945155 0.0 6.0
40.47930800000004 0.0 209.820983315938 0.0 6.7937739834411675 0.0 6.0
40.53434500000004 0.0 208.57260791921001 0.0 6.870691286764318 0.0 6.0
40.58830300000004 0.0 212.98792412693558 0.0 6.4071885843570255 0.0 6.0
40.64290600000004 0.0 215.38869944698348 0.0 6.158458730301579 0.0 6.0
40.69718900000004 0.0 216.53149892308957 0.0 6.041904102305518 0.0 6.0
40.75162800000004 0.0 216.78414937524343 0.0 6.01578000917088 0.0 6.0
40.80612800000004 0.0 217.24560129121775 0.0 5.971204189258841 0.0 6.0
40.86078600000004 0.0 217.41562037318613 0.0 5.956575763007536 0.0 6.0
40.91508400000004 0.0 217.51641686332985 0.0 5.949251648009544 0.0 6.0
40.96965400000004 0.0 217.43972584905177 0.0 5.959149937355843 0.0 6.0
41.02329800000004 0.0 217.38580288692987 0.0 5.96634748887483 0.0 6.0
41.07797200000004 0.0 217.7569520139923 0.0 5.932901139279615 0.0 6.0
41.13718400000004 0.0 217.97116473678375 0.0 5.916428313690244 0.0 6.0
41.19375000000004 0.0 217.602812135798 0.0 5.955765729532106 0.0 6.0
41.24771600000004 0.0 217.4782006423386 0.0 5.969853751333576 0.0 6.0
41.301628000000036 0.0 217.91899647595008 0.0 5.929571129252185 0.0 6.0
41.35587200000003 0.0 217.84575167232134 0.0 5.940142518823971 0.0 6.0
41.41477300000003 0.0 217.7840827233868 0.0 5.949295933913959 0.0 6.0
41.469538000000036 0.0 217.39593681706677 0.0 5.988727844160512 0.0 6.0
41.525194000000035 0.0 217.9594369916996 0.0 5.9359429839807945 0.0 6.0
41.57997200000003 0.0 217.50816751726705 0.0 5.982053030518316 0.0 6.0
41.633950000000034 0.0 217.83836215256724 0.0 5.951643741129603 0.0 6.0
41.687331000000036 0.0 217.6173327861977 0.0 5.975077087745611 0.0 6.0
41.740660000000034 0.0 217.85345930932212 0.0 5.95392174281081 0.0 6.0
41.794677000000036 0.0 218.20034246920554 0.0 5.923372608622507 0.0 6.0
41.854335000000034 0.0 217.689344902296 0.0 5.975909553189294 0.0 6.0
41.90910500000003 0.0 217.66547078770526 0.0 5.979423916729114 0.0 6.0
41.96825700000003 0.0 217.8604815988569 0.0 5.9621610832193594 0.0 6.0
42.02252100000003 0.0 218.0803188103847 0.0 5.94325649179577 0.0 6.0
42.07717600000003 0.0 217.96741136739965 0.0 5.956902718039811 0.0 6.0
42.13207400000003 0.0 217.9927292121938 0.0 5.956745518107338 0.0 6.0
42.187641000000035 0.0 217.92643341380364 0.0 5.965303100557668 0.0 6.0
42.24220000000003 0.0 218.09028940188674 0.0 5.951560322134047 0.0 6.0
42.29630800000003 0.0 218.27569526344897 0.0 5.9364578733657485 0.0 6.0
42.35156700000003 0.0 217.89369485432272 0.0 5.975984961301797 0.0 6.0
42.40601500000003 0.0 218.31503741201143 0.0 5.9372664233162045 0.0 6.0
42.46012300000003 0.0 217.7875211109968 0.0 5.990530432761793 0.0 6.0
42.51457400000003 0.0 218.0698369638565 0.0 5.964245704613894 0.0 6.0
42.56922600000003 0.0 218.24667350472333 0.0 5.9493312016923205 0.0 6.0
42.62490900000003 0.0 -48.01579079886929 0.0 5.975271479640104 0.0 0.0
42.67977600000003 0.0 -46.48675473439173 0.0 5.519527934035616 0.0 0.0
42.73452600000003 0.0 -8.819836600229342 0.0 1.6618498417818224 0.0 0.0
42.78905800000003 0.0 8.447916289624558 0.0 -0.061568019940189345 0.0 0.0
42.84306200000003 0.0 7.822875032932438 0.0 8.881424824029978E-4 0.0 0.0
42.93292800000003 0.0 7.831756457756468 0.0 0.0 0.0 0.0
42.98732600000003 0.0 7.831756457756468 0.0 0.0 0.0 0.0
43.041458000000034 0.0 7.831756457756468 0.0 0.0 0.0 0.0
43.095498000000035 0.0 7.831756457756468 0.0 0.0 0.0 0.0
43.15044300000003 0.0 7.831756457756468 0.0 0.0 0.0 0.0
43.20430700000003 0.0 7.831756457756468 0.0 0.0 0.0 0.0
43.25842200000003 0.0 7.831756457756468 0.0 0.0 0.0 0.0
43.31313900000003 0.0 7.831756457756468 0.0 0.0 0.0 0.0
43.367608000000025 0.0 7.831756457756468 0.0 0.0 0.0 0.0
43.422169000000025 0.0 7.831756457756468 0.0 0.0 0.0 0.0
43.476178000000026 0.0 7.831756457756468 0.0 0.0 0.0 0.0
43.536269000000026 0.0 7.831756457756468 0.0 0.0 0.0 0.0
43.59122000000003 0.0 7.831756457756468 0.0 0.0 0.0 0.0
43.64565100000003 0.0 7.831756457756468 0.0 0.0 0.0 0.0
43.69968100000003 0.0 7.831756457756468 0.0 0.0 0.0 0.0
43.75437900000003 0.0 7.831756457756468 0.0 0.0 0.0 0.0
43.808285000000026 0.0 7.831756457756468 0.0 0.0 0.0 0.0
43.86218700000003 0.0 7.831756457756468 0.0 0.0 0.0 0.0
43.916597000000024 0.0 7.831756457756468 0.0 0.0 0.0 0.0
43.97296600000002 0.0 7.831756457756468 0.0 0.0 0.0 0.0
44.02687900000002 0.0 7.831756457756468 0.0 0.0 0.0 0.0
44.08051400000002 0.0 7.831756457756468 0.0 0.0 0.0 0.0
44.134818000000024 0.0 7.831756457756468 0.0 0.0 0.0 0.0
44.18920900000003 0.0 7.831756457756468 0.0 0.0 0.0 0.0
44.24352500000003 0.0 7.831756457756468 0.0 0.0 0.0 0.0
44.29804600000003 0.0 7.831756457756468 0.0 0.0 0.0 0.0
44.35279500000003 0.0 7.831756457756468 0.0 0.0 0.0 0.0
44.40684800000003 0.0 7.831756457756468 0.0 0.0 0.0 0.0
44.46073100000003 0.0 7.831756457756468 0.0 0.0 0.0 0.0
44.517165000000034 0.0 7.831756457756468 0.0 0.0 0.0 0.0
44.57985500000004 0.0 7.831756457756468 0.0 0.0 0.0 0.0
44.63365500000004 0.0 7.831756457756468 0.0 0.0 0.0 0.0
44.68891100000004 0.0 7.831756457756468 0.0 0.0 0.0 0.0
44.74295600000004 0.0 7.831756457756468 0.0 0.0 0.0 0.0
44.799621000000045 0.0 7.831756457756468 0.0 0.0 0.0 0.0
44.853684000000044 0.0 7.831756457756468 0.0 0.0 0.0 0.0
44.908087000000044 0.0 7.831756457756468 0.0 0.0 0.0 0.0
44.962774000000046 0.0 7.831756457756468 0.0 0.0 0.0 0.0
45.016536000000045 0.0 7.831756457756468 0.0 0.0 0.0 0.0
45.070559000000046 0.0 7.831756457756468 0.0 0.0 0.0 0.0
45.12468600000005 0.0 7.831756457756468 0.0 0.0 0.0 0.0
45.178316000000045 0.0 7.831756457756468 0.0 0.0 0.0 0.0
45.23218800000004 0.0 7.831756457756468 0.0 0.0 0.0 0.0
45.28636200000005 0.0 7.831756457756468 0.0 0.0 0.0 0.0
45.341759000000046 0.0 7.831756457756468 0.0 0.0 0.0 0.0
45.395369000000045 0.0 7.831756457756468 0.0 0.0 0.0 0.0
45.45540300000005 0.0 7.831756457756468 0.0 0.0 0.0 0.0
45.510418000000044 0.0 7.831756457756468 0.0 0.0 0.0 0.0
45.564396000000045 0.0 7.831756457756468 0.0 0.0 0.0 0.0
45.618310000000044 0.0 7.831756457756468 0.0 0.0 0.0 0.0
45.67312500000004 0.0 7.831756457756468 0.0 0.0 0.0 0.0
45.72749000000004 0.0 7.831756457756468 0.0 0.0 0.0 0.0
45.78162500000004 0.0 7.831756457756468 0.0 0.0 0.0 0.0
45.83799600000004 0.0 7.831756457756468 0.0 0.0 0.0 0.0
45.89220800000004 0.0 7.831756457756468 0.0 0.0 0.0 0.0
45.94655200000004 0.0 7.831756457756468 0.0 0.0 0.0 0.0
46.00080500000004 0.0 7.831756457756468 0.0 0.0 0.0 0.0
46.05495600000004 0.0 7.831756457756468 0.0 0.0 0.0 0.0
46.10960300000004 0.0 7.831756457756468 0.0 0.0 0.0 0.0
46.16379800000004 0.0 7.831756457756468 0.0 0.0 0.0 0.0
46.218228000000046 0.0 7.831756457756468 0.0 0.0 0.0 0.0
46.272013000000044 0.0 7.831756457756468 0.0 0.0 0.0 0.0
46.326252000000046 0.0 7.831756457756468 0.0 0.0 0.0 0.0
46.38001300000005 0.0 7.831756457756468 0.0 0.0 0.0 0.0
46.43385500000005 0.0 7.831756457756468 0.0 0.0 0.0 0.0
46.48885200000005 0.0 7.831756457756468 0.0 0.0 0.0 0.0
46.54293300000005 0.0 7.831756457756468 0.0 0.0 0.0 0.0
46.597937000000044 0.0 7.831756457756468 0.0 0.0 0.0 0.0
