45.976234000000005 -8.23 0.0 0.0 0.0 -8.23 0.0
46.030092 -8.23 0.0 0.0 0.0 -8.23 0.0
46.08471900000001 -8.23 0.0 0.0 0.0 -8.23 0.0
46.138248000000004 -8.23 0.0 0.0 0.0 -8.23 0.0
46.192723 -8.23 0.0 0.0 0.0 -8.23 0.0
46.24655 -8.23 0.0 0.0 0.0 -8.23 0.0
46.300982 -8.23 0.0 0.0 0.0 -8.23 0.0
46.354949 -8.23 0.0 0.0 0.0 -8.23 0.0
46.408722999999995 -8.23 0.0 0.0 0.0 -8.23 0.0
46.462242999999994 -8.23 0.0 0.0 0.0 -8.23 0.0
46.515905 -8.23 0.0 0.0 0.0 -8.23 0.0
46.569582999999994 -8.23 0.0 0.0 0.0 -8.23 0.0
46.62322399999999 -8.23 0.0 0.0 0.0 -8.23 0.0
46.67714599999999 -8.23 0.0 0.0 0.0 -8.23 0.0
46.73071399999999 -8.23 0.0 0.0 0.0 -8.23 0.0
46.78436599999999 -8.23 0.0 0.0 0.0 -8.23 0.0
46.83825099999999 -8.23 0.0 0.0 0.0 -8.23 0.0
46.89238399999999 -8.23 0.0 0.0 0.0 -8.23 0.0
46.946721999999994 -8.23 0.0 0.0 0.0 -8.23 0.0
47.00107799999999 -8.23 0.0 0.0 0.0 -8.23 0.0
47.05476999999999 -8.23 0.0 0.0 0.0 -8.23 0.0
47.10916199999999 -8.23 0.0 0.0 0.0 -8.23 0.0
47.16266699999999 -8.23 0.0 0.0 0.0 -8.23 0.0
47.21660299999999 -8.23 0.0 0.0 0.0 -8.23 0.0
47.27017299999999 -8.23 0.0 0.0 0.0 -8.23 0.0
47.323845999999996 -8.23 0.0 0.0 0.0 -8.23 0.0
47.37756099999999 -8.23 0.0 0.0 0.0 -8.23 0.0
47.431158999999994 -8.23 0.0 0.0 0.0 -8.23 0.0
47.48479499999999 -8.23 0.0 0.0 0.0 -8.23 0.0
47.54036699999999 -8.23 0.0 0.0 0.0 -8.23 0.0
47.59418499999999 -8.23 0.0 0.0 0.0 -8.23 0.0
47.64836599999999 -8.23 0.0 0.0 0.0 -8.23 0.0
47.703791999999986 -8.23 0.0 0.0 0.0 -8.23 0.0
47.75765699999999 -8.23 0.0 0.0 0.0 -8.23 0.0
47.81113699999999 -8.23 0.0 0.0 0.0 -8.23 0.0
47.865318999999985 -8.23 0.0 0.0 0.0 -8.23 0.0
47.919063999999985 -8.23 0.0 0.0 0.0 -8.23 0.0
47.972926999999984 -8.23 0.0 0.0 0.0 -8.23 0.0
48.02693099999998 -8.23 0.0 0.0 0.0 -8.23 0.0
48.08055499999998 -8.23 0.0 0.0 0.0 -8.23 0.0
48.13458399999998 -8.23 0.0 0.0 0.0 -8.23 0.0
48.18971699999998 -8.23 0.0 0.0 0.0 -8.23 0.0
48.24443199999998 -8.23 0.0 0.0 0.0 -8.23 0.0
48.29806199999998 -8.23 0.0 0.0 0.0 -8.23 0.0
48.35177899999998 -8.23 0.0 0.0 0.0 -8.23 0.0
48.406056999999976 -8.23 0.0 0.0 0.0 -8.23 0.0
48.46047799999997 -8.23 0.0 0.0 0.0 -8.23 0.0
48.51484799999997 -8.23 0.0 0.0 0.0 -8.23 0.0
48.57082299999997 -8.23 0.0 0.0 0.0 -8.23 0.0
48.62516899999997 -8.23 0.0 0.0 0.0 -8.23 0.0
48.68036499999997 -8.23 0.0 0.0 0.0 -8.23 0.0
48.73400099999997 -8.23 0.0 0.0 0.0 -8.23 0.0
48.78762299999997 -8.23 0.0 0.0 0.0 -8.23 0.0
48.84167699999997 -8.23 0.0 0.0 0.0 -8.23 0.0
48.89550199999997 -8.23 0.0 0.0 0.0 -8.23 0.0
48.94905199999997 -8.23 0.0 0.0 0.0 -8.23 0.0
49.00270199999997 -8.23 0.0 0.0 0.0 -8.23 0.0
49.05696699999997 -8.23 0.0 0.0 0.0 -8.23 0.0
49.11053399999997 -8.23 0.0 0.0 0.0 -8.23 0.0
49.165020999999975 -8.23 0.0 0.0 0.0 -8.23 0.0
49.21888499999997 -8.23 0.0 0.0 0.0 -8.23 0.0
49.27312499999997 -8.23 0.0 0.0 0.0 -8.23 0.0
49.33067999999997 -8.23 0.0 0.0 0.0 -8.23 0.0
49.394270999999975 -8.23 0.0 0.0 0.0 -8.23 0.0
49.448482999999975 -8.23 0.0 0.0 0.0 -8.23 0.0
49.50293599999998 -8.23 0.0 0.0 0.0 -8.23 0.0
49.556880999999976 -8.23 0.0 0.0 0.0 -8.23 0.0
49.610442999999975 -8.23 0.0 0.0 0.0 -8.23 0.0
49.66416699999998 -8.23 0.0 0.0 0.0 -8.23 0.0
49.71824399999998 -8.23 0.0 0.0 0.0 -8.23 0.0
49.771924999999975 -8.23 0.0 0.0 0.0 -8.23 0.0
49.82549599999997 -8.23 0.0 0.0 0.0 -8.23 0.0
49.87936499999997 -8.23 0.0 0.0 0.0 -8.23 0.0
49.933479999999975 -8.23 0.0 0.0 0.0 -8.23 0.0
49.98741199999998 -8.23 0.0 0.0 0.0 -8.23 0.0
50.04107399999998 -8.23 0.0 0.0 0.0 -8.23 0.0
50.09472799999998 -8.23 0.0 0.0 0.0 -8.23 0.0
50.148347999999984 -8.23 0.0 0.0 0.0 -8.23 0.0
50.20189699999998 -8.23 0.0 0.0 0.0 -8.23 0.0
50.25556399999998 -8.23 0.0 0.0 0.0 -8.23 0.0
50.309928999999975 -8.23 0.0 0.0 0.0 -8.23 0.0
50.363558999999974 -8.23 0.0 0.0 0.0 -8.23 0.0
50.41715899999998 -8.23 0.0 0.0 0.0 -8.23 0.0
50.471047999999975 -8.23 0.0 0.0 0.0 -8.23 0.0
50.525189999999974 -8.23 0.0 0.0 0.0 -8.23 0.0
50.58047999999997 -8.23 0.0 0.0 0.0 -8.23 0.0
50.634443999999974 -8.23 0.0 0.0 0.0 -8.23 0.0
50.69034299999997 -8.23 0.0 0.0 0.0 -8.23 0.0
50.74493199999997 -8.23 0.0 0.0 0.0 -8.23 0.0
50.79913199999997 -8.23 -255.0 0.0 0.0 -8.23 -255.0
50.85334599999997 -8.23 -255.0 0.0 -0.5591318084562111 -8.23 -255.0
50.907967999999975 -8.23 -255.0 0.0 -4.432618156350971 -8.23 -255.0
50.96251399999998 -8.23 -255.0 0.0 -7.330869120895539 -8.23 -255.0
51.016959999999976 -8.23 -255.0 0.0 -7.572495095009149 -8.23 -255.0
51.070763999999976 -8.23 -255.0 0.0 -7.542506684432566 -8.23 -255.0
51.12501099999997 -8.23 -255.0 0.0 -7.531309283583096 -8.23 -255.0
51.18139899999997 -8.23 -255.0 0.0 -7.36613669090105 -8.23 -255.0
51.235845999999974 -8.23 -255.0 0.0 -7.730920938424754 -8.23 -255.0
51.28992899999997 -8.23 -255.0 0.0 -7.568336568837662 -8.23 -255.0
51.34666599999997 -8.23 -255.0 0.0 -7.505114889571552 -8.23 -255.0
51.407008999999974 -8.23 -255.0 0.0 -7.502528625412526 -8.23 -255.0
51.461478999999976 -8.23 -255.0 0.0 -7.567397493108661 -8.23 -255.0
51.515944999999974 -8.23 -255.0 0.0 -7.576759334554137 -8.23 -255.0
51.56975299999997 -8.23 -255.0 0.0 -7.5036167492670796 -8.23 -255.0
51.62451199999997 -8.23 -255.0 0.0 -7.529211051021168 -8.23 -255.0
51.681077999999964 -8.23 -255.0 0.0 -7.5515446451043475 -8.23 -255.0
51.73575599999997 -8.23 -255.0 0.0 -7.526329712077127 -8.23 -255.0
51.790339999999965 -8.23 -255.0 0.0 -7.554228916706138 -8.23 -255.0
51.84491399999997 -8.23 -255.0 0.0 -7.53803580930652 -8.23 -255.0
51.899773999999965 -8.23 -255.0 0.0 -7.546823638738188 -8.23 -255.0
51.954289999999965 -8.23 -255.0 0.0 -7.553973796255617 -8.23 -255.0
52.008650999999965 -8.23 -255.0 0.0 -7.506692338999196 -8.23 -255.0
52.06317999999997 -8.23 -255.0 0.0 -7.558330029947534 -8.23 -255.0
52.11785499999997 -8.23 -255.0 0.0 -7.535515106779149 -8.23 -255.0
52.17666099999997 -8.23 -255.0 0.0 -7.561596765825935 -8.23 -255.0
52.23098799999997 -8.23 -255.0 0.0 -7.513156050096171 -8.23 -255.0
52.28563299999997 -8.23 -255.0 0.0 -7.540529814434435 -8.23 -255.0
52.34031799999997 -8.23 -255.0 0.0 -7.528874627108564 -8.23 -255.0
52.394879999999965 -8.23 -255.0 0.0 -7.522112483499509 -8.23 -255.0
52.44957799999997 -8.23 -255.0 0.0 -7.528838997343071 -8.23 -255.0
52.50373899999997 -8.23 -255.0 0.0 -7.497218402213922 -8.23 -255.0
52.56234299999997 -8.23 -255.0 0.0 -7.537736355323164 -8.23 -255.0
52.61665299999997 -8.23 -255.0 0.0 -7.518157217334447 -8.23 -255.0
52.67074099999997 -8.23 -255.0 0.0 -7.533053173241371 -8.23 -255.0
52.725809999999974 -8.23 -255.0 0.0 -7.511213910697843 -8.23 -255.0
52.78017799999997 -8.23 -255.0 0.0 -7.549835649119333 -8.23 -255.0
52.834154999999974 -8.23 -255.0 0.0 -7.561873181791777 -8.23 -255.0
52.888135999999975 -8.23 -255.0 0.0 -7.5159982800609555 -8.23 -255.0
52.94283599999997 -8.23 -255.0 0.0 -7.552238448544842 -8.23 -255.0
52.99736399999997 -8.23 -255.0 0.0 -7.5382376674507805 -8.23 -255.0
53.057047999999966 -8.23 -255.0 0.0 -6.935239232087957 -8.23 -255.0
53.11185799999997 -8.23 -255.0 0.0 -8.148763957718797 -8.23 -255.0
53.16650499999997 -8.23 -255.0 0.0 -7.568339993075554 -8.23 -255.0
53.22508999999997 -8.23 -255.0 0.0 -7.560648332044909 -8.23 -255.0
53.27969899999997 -8.23 -255.0 0.0 -7.524421501783536 -8.23 -255.0
53.33395299999997 -8.23 -255.0 0.0 -7.601945620281034 -8.23 -255.0
53.38766699999997 -8.23 -255.0 0.0 -7.549786837127968 -8.23 -255.0
53.441936999999974 -8.23 -230.32 0.0 -7.484811785925324 -8.23 -230.32
53.49659699999997 -8.23 -230.32 0.0 -7.38928832390088 -8.23 -230.32
53.55098999999997 -8.23 -230.32 0.0 -6.961738313063527 -8.23 -230.32
53.60558099999997 -8.23 -230.32 0.0 -6.728261849271813 -8.23 -230.32
53.66052599999997 -8.23 -230.32 0.0 -6.622934791220301 -8.23 -230.32
53.71468399999997 -8.23 -230.32 0.0 -6.609359827223267 -8.23 -230.32
53.76860299999997 -8.23 -230.32 0.0 -6.591510551974517 -8.23 -230.32
53.82527099999997 -8.23 -230.32 0.0 -6.56714248821533 -8.23 -230.32
53.87962899999997 -8.23 -230.32 0.0 -6.612395050737115 -8.23 -230.32
53.93490799999997 -8.23 -230.32 0.0 -6.620227784660471 -8.23 -230.32
53.98900999999997 -8.23 -230.32 0.0 -6.580739707551847 -8.23 -230.32
54.043971999999975 -8.23 -230.32 0.0 -6.570271893301869 -8.23 -230.32
54.09890899999998 -8.23 -230.32 0.0 -6.638741236254877 -8.23 -230.32
54.153200999999974 -8.23 -230.32 0.0 -6.623083693874368 -8.23 -230.32
54.20755699999997 -8.23 -230.32 0.0 -6.563224452815979 -8.23 -230.32
54.26189099999997 -8.23 -230.32 0.0 -6.609136589274308 -8.23 -230.32
54.31650799999997 -8.23 -230.32 0.0 -6.579281975845044 -8.23 -230.32
54.37083999999997 -8.23 -230.32 0.0 -6.596138164292404 -8.23 -230.32
54.42546599999997 -8.23 -230.32 0.0 -6.573807846842716 -8.23 -230.32
54.48092599999997 -8.23 -230.32 0.0 -6.60208122421069 -8.23 -230.32
54.53568299999997 -8.23 -230.32 0.0 -6.586110475984082 -8.23 -230.32
54.59057099999997 -8.23 -230.32 0.0 -6.607092765112363 -8.23 -230.32
54.645346999999965 -8.23 -230.32 0.0 -6.596960348195483 -8.23 -230.32
54.700225999999965 -8.23 -230.32 0.0 -6.603806400597478 -8.23 -230.32
54.75452599999996 -8.23 -230.32 0.0 -6.616808111014899 -8.23 -230.32
54.809656999999966 -8.23 -183.71 0.0 -6.573620856838965 -8.23 -183.71
54.86379499999997 -8.23 -183.71 0.0 -6.375254399410766 -8.23 -183.71
54.91759199999997 -8.23 -183.71 0.0 -5.6391162122339304 -8.23 -183.71
54.97277699999997 -8.23 -183.71 0.0 -5.354744267897424 -8.23 -183.71
55.027468999999975 -8.23 -183.71 0.0 -5.246911879719415 -8.23 -183.71
55.08180899999998 -8.23 -183.71 0.0 -5.161742109531762 -8.23 -183.71
55.13652499999998 -8.23 -183.71 0.0 -5.066663598614973 -8.23 -183.71
55.197885999999976 -8.23 -183.71 0.0 -5.069826397472647 -8.23 -183.71
55.25243399999997 -8.23 -183.71 0.0 -5.0207182334538105 -8.23 -183.71
55.30681499999997 -8.23 -183.71 0.0 -4.996447143313884 -8.23 -183.71
55.36083399999997 -8.23 -183.71 0.0 -5.0032931876184605 -8.23 -183.71
55.415018999999965 -8.23 -183.71 0.0 -4.962295110270196 -8.23 -183.71
55.46929499999997 -8.23 -183.71 0.0 -4.979602304922278 -8.23 -183.71
55.524016999999965 -8.23 -183.71 0.0 -4.9723237102721 -8.23 -183.71
55.57845299999997 -8.23 -142.58 0.0 -4.972014855516922 -8.23 -142.58
55.635991999999966 -8.23 -142.58 0.0 -4.708882325981287 -8.23 -142.58
55.690628999999966 -8.23 -142.58 0.0 -4.200525927031569 -8.23 -142.58
55.74514899999996 -8.23 -142.58 0.0 -4.0494281766404985 -8.23 -142.58
55.79975199999996 -8.23 -142.58 0.0 -3.974757631523983 -8.23 -142.58
55.853771999999964 -8.23 -142.58 0.0 -3.9235391857167112 -8.23 -142.58
55.90824699999996 -8.23 -142.58 0.0 -3.878441511881433 -8.23 -142.58
55.96244999999996 -8.23 -142.58 0.0 -3.8386171214918314 -8.23 -142.58
56.01708899999996 -8.23 -142.58 0.0 -3.8299318252843944 -8.23 -142.58
56.07157999999996 -8.23 -142.58 0.0 -3.8200893786030923 -8.23 -142.58
56.12555199999996 -8.23 -142.58 0.0 -3.8292749885913193 -8.23 -142.58
56.179306999999966 -8.23 -142.58 0.0 -3.8117196457877798 -8.23 -142.58
56.23341699999997 -8.23 -142.58 0.0 -3.79823529413007 -8.23 -142.58
56.288355999999965 -8.23 -142.58 0.0 -3.8011608471602467 -8.23 -142.58
56.342707999999966 -8.23 -142.58 0.0 -3.802502753978707 -8.23 -142.58
56.39728199999997 -8.23 -142.58 0.0 -3.7826403314976402 -8.23 -142.58
56.45189499999997 -8.23 -142.58 0.0 -3.8168251114053295 -8.23 -142.58
56.50616099999997 -8.23 -142.58 0.0 -3.801458071560335 -8.23 -142.58
56.56057499999997 -8.23 -142.58 0.0 -3.7919999808489147 -8.23 -142.58
56.61532399999997 -8.23 -142.58 0.0 -3.7819382209210803 -8.23 -142.58
56.67043699999997 -8.23 -142.58 0.0 -3.7073545370400045 -8.23 -142.58
56.72495599999997 -8.23 -142.58 0.0 -3.862994844128935 -8.23 -142.58
56.78738399999997 -8.23 -142.58 0.0 -3.7715700912421606 -8.23 -142.58
56.84169599999997 -8.23 -142.58 0.0 -3.7752776421266234 -8.23 -142.58
56.89628099999997 -8.23 -142.58 0.0 -3.779241984268446 -8.23 -142.58
56.95051399999998 -8.23 -142.58 0.0 -3.757782805433392 -8.23 -142.58
57.005511999999975 -8.23 -142.58 0.0 -3.7517343713937388 -8.23 -142.58
57.06014399999997 -8.23 -142.58 0.0 -3.7874038277447126 -8.23 -142.58
57.11460199999997 -8.23 0.0 0.0 -3.7810095438381066 -8.23 0.0
57.16886399999997 -8.23 0.0 0.0 -3.185646323713984 -8.23 0.0
57.22313699999997 -8.23 0.0 0.0 -0.37293847905053734 -8.23 0.0
57.277232999999974 -8.23 0.0 0.0 0.004433160180021767 -8.23 0.0
57.33194999999997 -8.23 0.0 0.0 0.0 -8.23 0.0
57.38590299999997 -8.23 0.0 0.0 0.0 -8.23 0.0
57.439938999999974 -8.23 0.0 0.0 0.0 -8.23 0.0
57.494028999999976 -8.23 0.0 0.0 0.0 -8.23 0.0
57.54805999999998 -8.23 0.0 0.0 0.0 -8.23 0.0
57.60327999999998 -8.23 0.0 0.0 0.0 -8.23 0.0
57.656836999999975 -8.23 0.0 0.0 0.0 -8.23 0.0
57.710777999999976 -8.23 0.0 0.0 0.0 -8.23 0.0
57.76447699999998 -8.23 0.0 0.0 0.0 -8.23 0.0
57.81841599999998 -8.23 0.0 0.0 0.0 -8.23 0.0
57.87192899999998 -8.23 0.0 0.0 0.0 -8.23 0.0
57.92536699999998 -8.23 0.0 0.0 0.0 -8.23 0.0
57.97905199999998 -8.23 0.0 0.0 0.0 -8.23 0.0
58.03247799999998 -8.23 0.0 0.0 0.0 -8.23 0.0
58.085937999999985 -8.23 0.0 0.0 0.0 -8.23 0.0
58.139580999999986 -8.23 0.0 0.0 0.0 -8.23 0.0
58.19305999999999 -8.23 60.32 0.0 0.0 -8.23 60.32
58.25156099999999 -8.23 60.32 0.0 0.19758880079563856 -8.23 60.32
58.31018799999999 -8.23 60.32 0.0 0.5677672941488717 -8.23 60.32
58.36487899999999 -8.23 60.32 0.0 0.6498466977234171 -8.23 60.32
58.41908499999999 -8.23 60.32 0.0 0.6123042958496572 -8.23 60.32
58.47281499999999 -8.23 60.32 0.0 0.6141580806690443 -8.23 60.32
58.52689899999999 -8.23 60.32 0.0 0.609251357660825 -8.23 60.32
58.58103899999999 -8.23 60.32 0.0 0.6050775293913797 -8.23 60.32
58.63582599999999 -8.23 60.32 0.0 0.6189427302119461 -8.23 60.32
58.690094999999985 -8.23 60.32 0.0 0.6177801210113391 -8.23 60.32
58.74450799999998 -8.23 60.32 0.0 0.6046861445079 -8.23 60.32
58.80214799999998 -8.23 60.32 0.0 0.6182632241226715 -8.23 60.32
58.85619899999998 -8.23 60.32 0.0 0.6238212498130122 -8.23 60.32
58.910105999999985 -8.23 60.32 0.0 0.6130312746205029 -8.23 60.32
58.97096699999999 -8.23 60.32 0.0 0.6217939498683327 -8.23 60.32
59.02556399999999 -8.23 82.26 0.0 0.6246106626115109 -8.23 82.26
59.07968299999999 -8.23 82.26 0.0 0.9988096406140601 -8.23 82.26
59.134382999999985 -8.23 82.26 0.0 1.3021100773353178 -8.23 82.26
59.18883599999999 -8.23 82.26 0.0 1.3837669263316132 -8.23 82.26
59.24698999999999 -8.23 82.26 0.0 1.4326127072669832 -8.23 82.26
59.30144999999999 -8.23 82.26 0.0 1.4646140126431686 -8.23 82.26
59.35609599999999 -8.23 82.26 0.0 1.4850824082369802 -8.23 82.26
59.410482999999985 -8.23 82.26 0.0 1.5009735000407256 -8.23 82.26
59.464913999999986 -8.23 82.26 0.0 1.5129777965866933 -8.23 82.26
59.519379999999984 -8.23 82.26 0.0 1.528737122824963 -8.23 82.26
59.57357299999998 -8.23 82.26 0.0 1.5231625381966136 -8.23 82.26
59.62806699999998 -8.23 82.26 0.0 1.5288317865894252 -8.23 82.26
59.68262599999998 -8.23 82.26 0.0 1.5331641361597899 -8.23 82.26
59.73750799999998 -8.23 82.26 0.0 1.532006328565271 -8.23 82.26
59.79200699999998 -8.23 82.26 0.0 1.545412962883324 -8.23 82.26
59.84715599999998 -8.23 82.26 0.0 1.5271983365823185 -8.23 82.26
59.90191299999998 -8.23 82.26 0.0 1.5556499807617674 -8.23 82.26
59.95639099999998 -8.23 82.26 0.0 1.537204533903252 -8.23 82.26
60.01087099999998 -8.23 82.26 0.0 1.5371481020187474 -8.23 82.26
60.06535499999998 -8.23 82.26 0.0 1.5335139786268006 -8.23 82.26
60.121248999999985 -8.23 82.26 0.0 1.4974033948431258 -8.23 82.26
60.180666999999985 -8.23 82.26 0.0 1.5458214224091895 -8.23 82.26
60.23499299999999 -8.23 82.26 0.0 1.5194335572744004 -8.23 82.26
60.294800999999985 -8.23 82.26 0.0 1.5229100677299718 -8.23 82.26
60.34903399999999 -8.23 82.26 0.0 1.5246922938496512 -8.23 82.26
60.40372899999999 -8.23 82.26 0.0 1.522336523115174 -8.23 82.26
60.461417999999995 -8.23 82.26 0.0 1.5314583416851004 -8.23 82.26
60.51554599999999 -8.23 82.26 0.0 1.5285360704065887 -8.23 82.26
60.569931 -8.23 82.26 0.0 1.538069359285501 -8.23 82.26
60.62869 -8.23 82.26 0.0 1.4333712463482748 -8.23 82.26
60.683595 -8.23 82.26 0.0 1.6466755282418446 -8.23 82.26
60.750536 -8.23 131.61 0.0 1.526862140490321 -8.23 131.61
60.805507 -8.23 131.61 0.0 2.140289315422737 -8.23 131.61
60.860042 -8.23 131.61 0.0 2.846924531180735 -8.23 131.61
60.914388 -8.23 131.61 0.0 3.0553998417063255 -8.23 131.61
60.968756 -8.23 131.61 0.0 3.18119973717274 -8.23 131.61
61.02333 -8.23 131.61 0.0 3.289596366355871 -8.23 131.61
61.077558 -8.23 131.61 0.0 3.349502377900194 -8.23 131.61
61.135813000000006 -8.23 131.61 0.0 3.1443075931782993 -8.23 131.61
61.190512000000005 -8.23 131.61 0.0 3.6740343212217295 -8.23 131.61
61.24483300000001 -8.23 131.61 0.0 3.467382218212635 -8.23 131.61
61.29903800000001 -8.23 131.61 0.0 3.4438327800726745 -8.23 131.61
61.35653800000001 -8.23 131.61 0.0 3.4867194933967034 -8.23 131.61
61.41028300000001 -8.23 131.61 0.0 3.4875870832589895 -8.23 131.61
61.465267000000004 -8.23 131.61 0.0 3.4979743006140502 -8.23 131.61
61.519310000000004 -8.23 131.61 0.0 3.4994186374080565 -8.23 131.61
61.57365300000001 -8.23 131.61 0.0 3.488043550062028 -8.23 131.61
61.628291000000004 -8.23 131.61 0.0 3.499935288127494 -8.23 131.61
61.68293500000001 -8.23 131.61 0.0 3.492529066315652 -8.23 131.61
61.73729900000001 -8.23 131.61 0.0 3.5008123498443062 -8.23 131.61
61.79572900000001 -8.23 131.61 0.0 3.5001759983974763 -8.23 131.61
61.849641000000005 -8.23 131.61 0.0 3.485680372754698 -8.23 131.61
61.904030000000006 -8.23 131.61 0.0 3.4850935049554286 -8.23 131.61
61.965203 -8.23 131.61 0.0 3.4827904710357456 -8.23 131.61
62.019314 -8.23 131.61 0.0 3.4950210016714456 -8.23 131.61
62.073753 -8.23 131.61 0.0 3.4889409543521803 -8.23 131.61
62.128356000000004 -8.23 131.61 0.0 3.491637919405046 -8.23 131.61
62.183499000000005 -8.23 131.61 0.0 3.490497591440836 -8.23 131.61
62.23780300000001 -8.23 131.61 0.0 3.494964770074383 -8.23 131.61
62.29191600000001 -8.23 131.61 0.0 3.5073007756753323 -8.23 131.61
62.34738800000001 -8.23 131.61 0.0 3.485359228511257 -8.23 131.61
62.40098900000001 -8.23 131.61 0.0 3.5130633053284233 -8.23 131.61
62.45505200000001 -8.23 131.61 0.0 3.481267775293074 -8.23 131.61
62.50942500000001 -8.23 131.61 0.0 3.502879229154083 -8.23 131.61
62.565881000000005 -8.23 224.84 0.0 3.4900279352715864 -8.23 224.84
62.62043800000001 -8.23 224.84 0.0 4.276137462803663 -8.23 224.84
62.67579800000001 -8.23 224.84 0.0 5.9018359099230215 -8.23 224.84
62.73475100000001 -8.23 224.84 0.0 6.250769660222377 -8.23 224.84
62.78902800000001 -8.23 224.84 0.0 6.18926210594394 -8.23 224.84
62.843618000000006 -8.23 224.84 0.0 6.210005992086088 -8.23 224.84
62.897816000000006 -8.23 224.84 0.0 6.241646894879592 -8.23 224.84
62.952288 -8.23 224.84 0.0 6.203206646271968 -8.23 224.84
63.006718000000006 -8.23 224.84 0.0 6.239716136579744 -8.23 224.84
63.067719000000004 -8.23 224.84 0.0 6.219394448644445 -8.23 224.84
63.121684 -8.23 224.84 0.0 6.267707127991558 -8.23 224.84
63.175406 -8.23 224.84 0.0 6.229990225833128 -8.23 224.84
63.229625000000006 -8.23 224.84 0.0 6.191459877371785 -8.23 224.84
63.284125 -8.23 224.84 0.0 6.217620869139824 -8.23 224.84
63.338993 -8.23 224.84 0.0 6.197773174411547 -8.23 224.84
63.394172000000005 -8.23 224.84 0.0 6.226295067631712 -8.23 224.84
63.448598000000004 -8.23 224.84 0.0 6.209330755196897 -8.23 224.84
63.503578000000005 -8.23 224.84 0.0 6.20782944608448 -8.23 224.84
63.558167000000005 -8.23 224.84 0.0 6.252293739502917 -8.23 224.84
63.612654000000006 -8.23 224.84 0.0 6.219984594760954 -8.23 224.84
63.66725 -8.23 224.84 0.0 6.2286507900507875 -8.23 224.84
63.72128 -8.23 224.84 0.0 6.216668815060144 -8.23 224.84
63.777083 -8.23 224.84 0.0 6.109398365191248 -8.23 224.84
63.831224 -8.23 224.84 0.0 6.324405120296588 -8.23 224.84
63.885598 -8.23 224.84 0.0 6.2029195981474725 -8.23 224.84
63.940234000000004 -8.23 224.84 0.0 6.209166910847756 -8.23 224.84
64.00122400000001 -8.23 224.84 0.0 6.220516162678468 -8.23 224.84
64.05526800000001 -8.23 224.84 0.0 6.20973348749133 -8.23 224.84
64.10964100000001 -8.23 224.84 0.0 6.204797909309952 -8.23 224.84
64.16435400000002 -8.23 224.84 0.0 6.224097581924034 -8.23 224.84
64.21857900000002 -8.23 224.84 0.0 6.220848565722274 -8.23 224.84
64.27265300000002 -8.23 224.84 0.0 6.2603949151492895 -8.23 224.84
64.32671700000002 -8.23 224.84 0.0 6.204774838305016 -8.23 224.84
64.38111400000001 -8.23 255.0 0.0 6.229393852016112 -8.23 255.0
64.43559400000001 -8.23 255.0 0.0 7.056266917342646 -8.23 255.0
64.489597 -8.23 255.0 0.0 7.6488246928649 -8.23 255.0
64.544218 -8.23 255.0 0.0 7.711562069792402 -8.23 255.0
64.604676 -8.23 255.0 0.0 6.965452137366293 -8.23 255.0
64.658968 -8.23 255.0 0.0 8.525111063877237 -8.23 255.0
64.713496 -8.23 255.0 0.0 7.686011754747365 -8.23 255.0
64.77204300000001 -8.23 255.0 0.0 7.7195701384759765 -8.23 255.0
64.826969 -8.23 255.0 0.0 7.722007607652694 -8.23 255.0
64.88132800000001 -8.23 255.0 0.0 7.718730687265426 -8.23 255.0
64.935815 -8.23 255.0 0.0 7.706759853825666 -8.23 255.0
64.99104600000001 -8.23 255.0 0.0 7.641154551006961 -8.23 255.0
65.04533700000002 -8.23 255.0 0.0 7.729281919207253 -8.23 255.0
65.10302000000001 -8.23 255.0 0.0 7.285577499119965 -8.23 255.0
65.15878900000001 -8.23 255.0 0.0 8.084321365366065 -8.23 255.0
65.21402700000002 -8.23 255.0 0.0 7.7695631766718485 -8.23 255.0
65.26831300000002 -8.23 255.0 0.0 7.726459707644737 -8.23 255.0
65.32308800000003 -8.23 255.0 0.0 7.718777160247934 -8.23 255.0
65.37976600000003 -8.23 255.0 0.0 7.710947866873019 -8.23 255.0
65.43883300000003 -8.23 255.0 0.0 7.712511493623002 -8.23 255.0
65.49319800000004 -8.23 255.0 0.0 7.7293479929203945 -8.23 255.0
65.55559800000003 -8.23 255.0 0.0 7.755595487062296 -8.23 255.0
65.60962700000003 -8.23 255.0 0.0 7.700183256754781 -8.23 255.0
65.66787200000003 -8.23 255.0 0.0 7.76288996280937 -8.23 255.0
65.72186700000003 -8.23 255.0 0.0 7.713914874440244 -8.23 255.0
65.77544600000003 -8.23 255.0 0.0 7.743371157735894 -8.23 255.0
65.82933800000004 -8.23 255.0 0.0 7.69928832678229 -8.23 255.0
65.88684200000003 -8.23 255.0 0.0 7.311592582571921 -8.23 255.0
65.94116100000004 -8.23 255.0 0.0 8.177389623243487 -8.23 255.0
65.99552300000003 -8.23 255.0 0.0 7.724480779871953 -8.23 255.0
66.04982600000004 -8.23 255.0 0.0 7.736406407415389 -8.23 255.0
66.11187700000004 -8.23 255.0 0.0 7.742016698245477 -8.23 255.0
66.16619300000004 -8.23 255.0 0.0 7.715127876063124 -8.23 255.0
66.22090800000004 -8.23 255.0 0.0 7.726364903700282 -8.23 255.0
66.27551700000004 -8.23 255.0 0.0 7.737849122296364 -8.23 255.0
66.33165400000004 -8.23 255.0 0.0 7.7468114986683085 -8.23 255.0
66.38603600000005 -8.23 255.0 0.0 7.734869494588181 -8.23 255.0
66.44048100000005 -8.23 255.0 0.0 7.694205087269457 -8.23 255.0
66.49629200000005 -8.23 255.0 0.0 7.535964408594628 -8.23 255.0
66.55101500000005 -8.23 255.0 0.0 7.906665346494838 -8.23 255.0
66.60532800000004 -8.23 255.0 0.0 7.7535268779277775 -8.23 255.0
66.65953800000004 -8.23 255.0 0.0 7.721366044088687 -8.23 255.0
66.71384000000005 -8.23 255.0 0.0 7.730365997855327 -8.23 255.0
66.76832000000005 -8.23 255.0 0.0 7.726238111865135 -8.23 255.0
66.82465200000004 -8.23 255.0 0.0 7.676571602697198 -8.23 255.0
66.87958600000005 -8.23 255.0 0.0 7.738345192236607 -8.23 255.0
66.93357400000005 -8.23 255.0 0.0 7.783322287084486 -8.23 255.0
66.98789700000005 -8.23 255.0 0.0 7.667338579338419 -8.23 255.0
67.04235100000005 -8.23 255.0 0.0 7.746662394317896 -8.23 255.0
67.09681300000005 -8.23 255.0 0.0 7.732314371871972 -8.23 255.0
67.15144900000006 -8.23 255.0 0.0 7.764750647030737 -8.23 255.0
67.20534900000006 -8.23 255.0 0.0 7.695476006810613 -8.23 255.0
67.25946800000006 -8.23 255.0 0.0 7.746756937539929 -8.23 255.0
67.31383700000005 -8.23 255.0 0.0 7.7270149743765355 -8.23 255.0
67.36804700000005 -8.23 255.0 0.0 7.745254766810171 -8.23 255.0
67.42279600000005 -8.23 255.0 0.0 7.695284997120863 -8.23 255.0
67.47862400000005 -8.23 255.0 0.0 7.7544648561534615 -8.23 255.0
67.53763400000005 -8.23 255.0 0.0 7.757350037931464 -8.23 255.0
67.59201200000005 -8.23 255.0 0.0 7.7283821928305 -8.23 255.0
67.64662100000005 -8.23 255.0 0.0 7.72906609264563 -8.23 255.0
67.70084600000006 -8.23 255.0 0.0 7.720114642631025 -8.23 255.0
67.75552400000005 -8.23 255.0 0.0 7.735102028099778 -8.23 255.0
67.81050500000005 -8.23 255.0 0.0 7.732602499717093 -8.23 255.0
67.86488400000005 -8.23 255.0 0.0 7.747644463991066 -8.23 255.0
67.92167700000005 -8.23 255.0 0.0 7.7324931954623874 -8.23 255.0
67.97623200000004 -8.23 255.0 0.0 7.728803978255119 -8.23 255.0
68.03104000000003 -8.23 255.0 0.0 7.663373059564998 -8.23 255.0
68.08696800000003 -8.23 255.0 0.0 7.783479229014449 -8.23 255.0
68.14177200000003 -8.23 255.0 0.0 7.70419056990629 -8.23 255.0
68.19637900000004 -8.23 255.0 0.0 7.7038774534641 -8.23 255.0
68.25041700000004 -8.23 255.0 0.0 7.800972917955301 -8.23 255.0
68.30471400000005 -8.23 255.0 0.0 7.7134108603264675 -8.23 255.0
68.36289900000004 -8.23 255.0 0.0 7.733800460358265 -8.23 255.0
68.41725400000004 -8.23 255.0 0.0 7.716651489084761 -8.23 255.0
68.47160500000004 -8.23 255.0 0.0 7.765755372546692 -8.23 255.0
68.52964400000003 -8.23 255.0 0.0 7.230972413761448 -8.23 255.0
68.58409800000004 -8.23 255.0 0.0 7.647131655198178 -8.23 255.0
68.63838200000004 -8.23 255.0 0.0 3.009410102178713 -8.23 255.0
68.69274300000004 -8.23 255.0 0.0 0.1252880009564981 -8.23 255.0
68.74781300000004 -8.23 255.0 0.0 0.0 -8.23 255.0
68.80242100000004 -8.23 255.0 0.0 0.0 -8.23 255.0
68.85718100000004 -8.23 255.0 0.0 0.0 -8.23 255.0
68.91142200000004 -8.23 255.0 0.0 0.0 -8.23 255.0
68.96530500000004 -8.23 255.0 0.0 0.0 -8.23 255.0
69.01934900000005 -8.23 255.0 0.0 0.0 -8.23 255.0
69.08595600000005 -8.23 255.0 0.0 0.0 -8.23 255.0
69.13980300000006 -8.23 255.0 0.0 0.0 -8.23 255.0
69.19418200000005 -8.23 255.0 0.0 0.0 -8.23 255.0
69.24814200000006 -8.23 255.0 0.0 0.0 -8.23 255.0
69.30226400000006 -8.23 255.0 0.0 0.0 -8.23 255.0
69.35632000000007 -8.23 255.0 0.0 0.0 -8.23 255.0
69.41022500000007 -8.23 255.0 0.0 0.0 -8.23 255.0
69.46421300000007 -8.23 255.0 0.0 0.0 -8.23 255.0
69.51776600000007 -8.23 255.0 0.0 0.0 -8.23 255.0
69.57129800000007 -8.23 255.0 0.0 0.0 -8.23 255.0
69.62471700000008 -8.23 255.0 0.0 0.0 -8.23 255.0
69.67824500000008 -8.23 255.0 0.0 0.0 -8.23 255.0
69.73176100000008 -8.23 255.0 0.0 0.0 -8.23 255.0
69.78517900000007 -8.23 255.0 0.0 0.0 -8.23 255.0
69.83865900000006 -8.23 255.0 0.0 0.0 -8.23 255.0
69.89209700000006 -8.23 255.0 0.0 0.0 -8.23 255.0
69.94593800000007 -8.23 255.0 0.0 0.0 -8.23 255.0
