22.043894 0.0 0.0 0.0 0.0 0.0 0.0
22.098006 0.0 0.0 0.0 0.0 0.0 0.0
22.153797 0.0 0.0 0.0 0.0 0.0 0.0
22.207917000000002 0.0 0.0 0.0 0.0 0.0 0.0
22.262737 0.0 0.0 0.0 0.0 0.0 0.0
22.317372000000002 0.0 0.0 0.0 0.0 0.0 0.0
22.374572000000004 0.0 0.0 0.0 0.0 0.0 0.0
22.436373000000003 0.0 0.0 0.0 0.0 0.0 0.0
22.497993000000005 0.0 0.0 0.0 0.0 0.0 0.0
22.554006000000005 0.0 0.0 0.0 0.0 0.0 0.0
22.610192000000005 0.0 0.0 0.0 0.0 0.0 0.0
22.664185000000003 0.0 0.0 0.0 0.0 0.0 0.0
22.719601000000004 0.0 0.0 0.0 0.0 0.0 0.0
22.774392000000006 0.0 0.0 0.0 0.0 0.0 0.0
22.828033000000005 0.0 0.0 0.0 0.0 0.0 0.0
22.883166000000006 0.0 0.0 0.0 0.0 0.0 0.0
22.939012000000005 0.0 0.0 0.0 0.0 0.0 0.0
22.993943000000005 0.0 0.0 0.0 0.0 0.0 0.0
23.055306000000005 0.0 0.0 0.0 0.0 0.0 0.0
23.108997000000006 0.0 0.0 0.0 0.0 0.0 0.0
23.163339000000004 0.0 0.0 0.0 0.0 0.0 0.0
23.217982000000003 0.0 0.0 0.0 0.0 0.0 0.0
23.275585000000003 0.0 0.0 0.0 0.0 0.0 0.0
23.330071000000004 0.0 0.0 0.0 0.0 0.0 0.0
23.384007000000004 0.0 0.0 0.0 0.0 0.0 0.0
23.442622000000004 0.0 0.0 0.0 0.0 0.0 0.0
23.498356000000005 0.0 0.0 0.0 0.0 0.0 0.0
23.558124000000003 0.0 0.0 0.0 0.0 0.0 0.0
23.612005000000003 0.0 0.0 0.0 0.0 0.0 0.0
23.666201000000004 0.0 0.0 0.0 0.0 0.0 0.0
23.732799000000004 0.0 0.0 0.0 0.0 0.0 0.0
23.793547000000004 0.0 0.0 0.0 -7.895444561087031E-4 0.0 0.0
23.848715000000002 0.0 0.0 0.0 0.0 0.0 0.0
23.906503 0.0 0.0 0.0 0.0 0.0 0.0
23.961982 0.0 0.0 0.0 0.0 0.0 0.0
24.015563 0.0 0.0 0.0 0.0 0.0 0.0
24.069972 0.0 0.0 0.0 0.0 0.0 0.0
24.124317 0.0 0.0 0.0 0.0 0.0 0.0
24.178743 0.0 0.0 0.0 8.812561389720262E-4 0.0 0.0
24.233383 0.0 0.0 0.0 0.0 0.0 0.0
24.287869 0.0 101.3379255530534 0.0 0.0 0.0 3.0
24.342346 0.0 101.3379255530534 0.0 0.4560633248710501 0.0 3.0
24.397091 0.0 101.3379255530534 0.0 1.7259584590518269 0.0 3.0
24.451711 0.0 101.3379255530534 0.0 1.930121129075099 0.0 3.0
24.507376 0.0 101.3379255530534 0.0 2.0515672361714805 0.0 3.0
24.565639 0.0 101.3379255530534 0.0 2.1280228019824334 0.0 3.0
24.620378000000002 0.0 101.3379255530534 0.0 2.187914043175244 0.0 3.0
24.676222000000003 0.0 101.3379255530534 0.0 2.2064605072342145 0.0 3.0
24.730374 0.0 101.3379255530534 0.0 2.159373527456195 0.0 3.0
24.783911 0.0 101.3379255530534 0.0 2.1420722615701733 0.0 3.0
24.837946 0.0 101.3379255530534 0.0 2.044218690943824 0.0 3.0
24.892471999999998 0.0 101.3379255530534 0.0 1.8859480019186916 0.0 3.0
24.946983999999997 0.0 101.3379255530534 0.0 1.7606115439903636 0.0 3.0
25.000870999999997 0.0 101.3379255530534 0.0 1.6519714537114225 0.0 3.0
25.056579999999997 0.0 101.3379255530534 0.0 1.6022474278706471 0.0 3.0
25.110951999999997 0.0 101.3379255530534 0.0 1.5375549705385545 0.0 3.0
25.165294999999997 0.0 101.3379255530534 0.0 1.3274335777563993 0.0 3.0
25.219318999999995 0.0 101.3379255530534 0.0 1.116869618087737 0.0 3.0
25.274104999999995 0.0 101.3379255530534 0.0 0.9420007549882826 0.0 3.0
25.329953999999994 0.0 101.3379255530534 0.0 0.7703456143863503 0.0 3.0
25.383623999999994 0.0 101.3379255530534 0.0 0.7113609895523464 0.0 3.0
25.437285999999993 0.0 101.3379255530534 0.0 0.6247681671790906 0.0 3.0
25.491315999999994 0.0 101.3379255530534 0.0 0.5761270970975344 0.0 3.0
25.545850999999995 0.0 101.3379255530534 0.0 0.6015744143736863 0.0 3.0
25.600235999999995 0.0 101.3379255530534 0.0 0.6420381270411953 0.0 3.0
25.654039999999995 0.0 101.3379255530534 0.0 0.5518037628724451 0.0 3.0
25.709248999999996 0.0 101.3379255530534 0.0 0.49345440199939816 0.0 3.0
25.763663999999995 0.0 101.3379255530534 0.0 0.44424287965311987 0.0 3.0
25.818365999999994 0.0 101.3379255530534 0.0 0.3594919950655098 0.0 3.0
25.873022999999993 0.0 101.3379255530534 0.0 0.2772999969230385 0.0 3.0
25.928686999999993 0.0 101.3379255530534 0.0 0.26280522813678336 0.0 3.0
25.983615999999994 0.0 101.3379255530534 0.0 0.0820795059486064 0.0 3.0
26.037785999999993 0.0 101.3379255530534 0.0 0.09385460848601253 0.0 3.0
26.091625999999994 0.0 101.3379255530534 0.0 0.09621156454172887 0.0 3.0
26.145498999999994 0.0 101.3379255530534 0.0 8.903021294468751E-4 0.0 3.0
26.199528999999995 0.0 101.3379255530534 0.0 0.0 0.0 3.0
26.253060999999995 0.0 101.3379255530534 0.0 0.0 0.0 3.0
26.307917999999994 0.0 101.3379255530534 0.0 0.001748664586823614 0.0 3.0
26.369258999999992 0.0 101.3379255530534 0.0 0.13683455043846712 0.0 3.0
26.424562999999992 0.0 101.3379255530534 0.0 0.6972813952378122 0.0 3.0
26.47902999999999 0.0 101.3379255530534 0.0 1.5058136434845406 0.0 3.0
26.532693999999992 0.0 101.3379255530534 0.0 1.905516580821077 0.0 3.0
26.586575999999994 0.0 101.3379255530534 0.0 2.0544740952126497 0.0 3.0
26.640627999999992 0.0 101.3379255530534 0.0 2.161593812727901 0.0 3.0
26.695686999999992 0.0 101.3379255530534 0.0 2.217883105282235 0.0 3.0
26.749913999999993 0.0 101.3379255530534 0.0 2.2855225121301723 0.0 3.0
26.803918999999993 0.0 101.3379255530534 0.0 2.315344578048991 0.0 3.0
26.857797999999992 0.0 101.3379255530534 0.0 2.334112226226009 0.0 3.0
26.912079999999992 0.0 101.3379255530534 0.0 2.338873177154921 0.0 3.0
26.96698199999999 0.0 101.3379255530534 0.0 2.37448734676918 0.0 3.0
27.021564999999992 0.0 101.3379255530534 0.0 2.3760624894132936 0.0 3.0
27.075338999999992 0.0 101.3379255530534 0.0 2.3805910891500837 0.0 3.0
27.13004799999999 0.0 101.3379255530534 0.0 2.3591931245972293 0.0 3.0
27.184232999999992 0.0 101.3379255530534 0.0 2.397055861329235 0.0 3.0
27.238304999999993 0.0 101.3379255530534 0.0 2.384324732092964 0.0 3.0
27.292298999999993 0.0 101.3379255530534 0.0 2.3700029999877197 0.0 3.0
27.349529999999994 0.0 101.3379255530534 0.0 2.388482690606853 0.0 3.0
27.405053999999993 0.0 101.3379255530534 0.0 2.357389597744005 0.0 3.0
27.458603999999994 0.0 101.3379255530534 0.0 2.42727167767253 0.0 3.0
27.512073999999995 0.0 101.3379255530534 0.0 2.373494493280414 0.0 3.0
27.566347999999994 0.0 101.3379255530534 0.0 2.3657296532578056 0.0 3.0
27.620361999999993 0.0 101.3379255530534 0.0 2.346925997257093 0.0 3.0
27.680591999999994 0.0 101.3379255530534 0.0 2.236108193725614 0.0 3.0
27.734831999999994 0.0 101.3379255530534 0.0 2.4211535627713006 0.0 3.0
27.788398999999995 0.0 101.3379255530534 0.0 2.2698084675437857 0.0 3.0
27.846625999999993 0.0 101.3379255530534 0.0 2.0741486765312174 0.0 3.0
27.902944999999992 0.0 101.3379255530534 0.0 1.8897786581632385 0.0 3.0
27.956950999999993 0.0 101.3379255530534 0.0 1.7238207178613711 0.0 3.0
28.010879999999993 0.0 101.3379255530534 0.0 1.6168885452094264 0.0 3.0
28.065254999999993 0.0 101.3379255530534 0.0 1.4095681489336465 0.0 3.0
28.122721999999992 0.0 101.3379255530534 0.0 1.1359211138462098 0.0 3.0
28.18232799999999 0.0 101.3379255530534 0.0 0.8577797687580301 0.0 3.0
28.237944999999993 0.0 101.3379255530534 0.0 0.6950820212429896 0.0 3.0
28.291567999999994 0.0 101.3379255530534 0.0 0.603755691928683 0.0 3.0
28.345163999999993 0.0 101.3379255530534 0.0 0.47071922759082263 0.0 3.0
28.399722999999994 0.0 101.3379255530534 0.0 0.3639506607627024 0.0 3.0
28.453727999999995 0.0 101.3379255530534 0.0 0.2948578442317855 0.0 3.0
28.507975999999996 0.0 101.3379255530534 0.0 0.18213443451659875 0.0 3.0
28.561684999999997 0.0 101.3379255530534 0.0 0.20896683440406283 0.0 3.0
28.615764999999996 0.0 101.3379255530534 0.0 0.26695520030560543 0.0 3.0
28.670395999999997 0.0 101.3379255530534 0.0 0.21421962210475237 0.0 3.0
28.725015999999997 0.0 101.3379255530534 0.0 0.2643159507969085 0.0 3.0
28.779182999999996 0.0 101.3379255530534 0.0 0.27980847991992386 0.0 3.0
28.833678999999997 0.0 101.3379255530534 0.0 0.19274719263271503 0.0 3.0
28.888036999999997 0.0 101.3379255530534 0.0 0.13411850116253557 0.0 3.0
28.943036999999997 0.0 101.3379255530534 0.0 0.15435444821246172 0.0 3.0
28.997687999999997 0.0 101.3379255530534 0.0 0.17640322355598234 0.0 3.0
29.052216999999995 0.0 101.3379255530534 0.0 0.13897546197273483 0.0 3.0
29.106577999999995 0.0 101.3379255530534 0.0 0.1702858041169305 0.0 3.0
29.160396999999996 0.0 101.3379255530534 0.0 0.17289191260001396 0.0 3.0
29.214346999999997 0.0 101.3379255530534 0.0 0.24270558530446304 0.0 3.0
29.268661999999996 0.0 101.3379255530534 0.0 0.24725598920212868 0.0 3.0
29.323398999999995 0.0 101.3379255530534 0.0 0.26550347526840207 0.0 3.0
29.377939999999995 0.0 101.3379255530534 0.0 0.3807793363951233 0.0 3.0
29.432665999999994 0.0 202.6758511061068 0.0 0.6774766954833449 0.0 6.0
29.487638999999994 0.0 202.6758511061068 0.0 2.5241058787180526 0.0 6.0
29.542355999999995 0.0 202.6758511061068 0.0 4.865836613591892 0.0 6.0
29.596006999999993 0.0 202.6758511061068 0.0 5.141313886224783 0.0 6.0
29.650032999999993 0.0 202.6758511061068 0.0 5.244121307935396 0.0 6.0
29.704952999999993 0.0 202.6758511061068 0.0 5.346522137759494 0.0 6.0
29.759189999999993 0.0 202.6758511061068 0.0 5.458950926182415 0.0 6.0
29.812469999999994 0.0 202.6758511061068 0.0 5.457079598509194 0.0 6.0
29.866523999999995 0.0 202.6758511061068 0.0 5.421531003187832 0.0 6.0
29.921197999999993 0.0 202.6758511061068 0.0 5.553048086890427 0.0 6.0
29.974782999999995 0.0 202.6758511061068 0.0 5.520002648197023 0.0 6.0
30.028619999999997 0.0 202.6758511061068 0.0 5.511091695105812 0.0 6.0
30.082247999999996 0.0 202.6758511061068 0.0 5.540618945494682 0.0 6.0
30.136320999999995 0.0 202.6758511061068 0.0 5.534050185124836 0.0 6.0
30.190868999999996 0.0 202.6758511061068 0.0 5.541255045048322 0.0 6.0
30.245672999999996 0.0 202.6758511061068 0.0 5.567006272313291 0.0 6.0
30.299812999999997 0.0 202.6758511061068 0.0 5.5502353171844705 0.0 6.0
30.355970999999997 0.0 202.6758511061068 0.0 5.547229010913785 0.0 6.0
30.410536999999998 0.0 202.6758511061068 0.0 5.581618884196038 0.0 6.0
30.464968 0.0 202.6758511061068 0.0 5.458880285296776 0.0 6.0
30.519495 0.0 202.6758511061068 0.0 5.581212973424956 0.0 6.0
30.575502999999998 0.0 202.6758511061068 0.0 5.5569473524349755 0.0 6.0
30.629924 0.0 202.6758511061068 0.0 5.555067776114286 0.0 6.0
30.68374 0.0 202.6758511061068 0.0 5.560478215777005 0.0 6.0
30.737921 0.0 202.6758511061068 0.0 5.495576586165719 0.0 6.0
30.791999 0.0 202.6758511061068 0.0 5.5335385121538385 0.0 6.0
30.847988 0.0 202.6758511061068 0.0 5.521140303700936 0.0 6.0
30.907181 0.0 202.6758511061068 0.0 5.5650427885736695 0.0 6.0
30.960992 0.0 202.6758511061068 0.0 5.533363717735125 0.0 6.0
31.014358 0.0 202.6758511061068 0.0 5.536363961647859 0.0 6.0
31.068684 0.0 202.6758511061068 0.0 5.514457872594947 0.0 6.0
31.123517 0.0 202.6758511061068 0.0 5.502831953102679 0.0 6.0
31.178079 0.0 202.6758511061068 0.0 5.564446887992507 0.0 6.0
31.232151 0.0 202.6758511061068 0.0 5.515524994104929 0.0 6.0
31.289127 0.0 202.6758511061068 0.0 5.532407623992778 0.0 6.0
31.3431 0.0 202.6758511061068 0.0 5.547858163280418 0.0 6.0
31.396859 0.0 202.6758511061068 0.0 5.536039458977767 0.0 6.0
31.454394999999998 0.0 202.6758511061068 0.0 5.538581245502474 0.0 6.0
31.508694 0.0 202.6758511061068 0.0 5.561365784223977 0.0 6.0
31.56282 0.0 202.6758511061068 0.0 5.541037230036045 0.0 6.0
31.616889999999998 0.0 202.6758511061068 0.0 5.581371328483428 0.0 6.0
31.670343999999996 0.0 202.6758511061068 0.0 5.5407087940396424 0.0 6.0
31.724882999999995 0.0 202.6758511061068 0.0 5.480609342560689 0.0 6.0
31.779753999999993 0.0 202.6758511061068 0.0 5.308465249792905 0.0 6.0
31.833378999999994 0.0 202.6758511061068 0.0 4.908574311400782 0.0 6.0
31.887309999999992 0.0 202.6758511061068 0.0 4.476960996152992 0.0 6.0
31.941746999999992 0.0 202.6758511061068 0.0 4.297898800647632 0.0 6.0
31.996122999999994 0.0 202.6758511061068 0.0 4.26567347088473 0.0 6.0
32.05049999999999 0.0 202.6758511061068 0.0 4.422599969677128 0.0 6.0
32.108833999999995 0.0 202.6758511061068 0.0 4.36104261787026 0.0 6.0
32.16284399999999 0.0 202.6758511061068 0.0 5.281196586693304 0.0 6.0
32.21675799999999 0.0 202.6758511061068 0.0 5.012147706631708 0.0 6.0
32.27046899999999 0.0 202.6758511061068 0.0 4.895356965410229 0.0 6.0
32.32403599999999 0.0 202.6758511061068 0.0 4.602294091982271 0.0 6.0
32.377734999999994 0.0 202.6758511061068 0.0 4.130096507746019 0.0 6.0
32.43205 0.0 202.6758511061068 0.0 3.7265009801177964 0.0 6.0
32.489619 0.0 202.6758511061068 0.0 3.555023942160253 0.0 6.0
32.544669999999996 0.0 202.6758511061068 0.0 3.5041720932298994 0.0 6.0
32.599399999999996 0.0 202.6758511061068 0.0 3.5369936663086956 0.0 6.0
32.65330599999999 0.0 202.6758511061068 0.0 3.8757819588798306 0.0 6.0
32.70721999999999 0.0 202.6758511061068 0.0 4.078041371529952 0.0 6.0
32.762457999999995 0.0 202.6758511061068 0.0 4.446572756787721 0.0 6.0
32.81836799999999 0.0 202.6758511061068 0.0 4.606736439773624 0.0 6.0
32.87278599999999 0.0 202.6758511061068 0.0 4.743617797551906 0.0 6.0
32.92712399999999 0.0 202.6758511061068 0.0 4.771786065480001 0.0 6.0
32.98189099999999 0.0 202.6758511061068 0.0 4.715140865857524 0.0 6.0
33.035867999999994 0.0 202.6758511061068 0.0 4.824137427020864 0.0 6.0
33.09016499999999 0.0 202.6758511061068 0.0 4.740055276742077 0.0 6.0
33.144651999999994 0.0 202.6758511061068 0.0 4.595887286901634 0.0 6.0
33.199042999999996 0.0 202.6758511061068 0.0 4.359733987015403 0.0 6.0
33.254174 0.0 202.6758511061068 0.0 3.909721033699617 0.0 6.0
33.307719 0.0 202.6758511061068 0.0 3.247114931298565 0.0 6.0
33.362576 0.0 202.6758511061068 0.0 2.9062805433008467 0.0 6.0
33.418035999999994 0.0 202.6758511061068 0.0 2.975866058751505 0.0 6.0
33.472882999999996 0.0 202.6758511061068 0.0 4.045398633702717 0.0 6.0
33.52746 0.0 202.6758511061068 0.0 4.909077003455608 0.0 6.0
33.58271 0.0 202.6758511061068 0.0 5.150514790853025 0.0 6.0
33.638051 0.0 202.6758511061068 0.0 5.272048376205406 0.0 6.0
33.691776999999995 0.0 202.6758511061068 0.0 5.144849612278637 0.0 6.0
33.746491999999996 0.0 202.6758511061068 0.0 5.165812159916696 0.0 6.0
33.802536999999994 0.0 202.6758511061068 0.0 5.304241280200694 0.0 6.0
33.85646299999999 0.0 202.6758511061068 0.0 5.0901913808644155 0.0 6.0
33.91017899999999 0.0 202.6758511061068 0.0 4.846684463692111 0.0 6.0
33.96463299999999 0.0 202.6758511061068 0.0 4.445412746347063 0.0 6.0
34.01967899999999 0.0 202.6758511061068 0.0 3.307569744728935 0.0 6.0
34.07387699999999 0.0 202.6758511061068 0.0 2.4345343269266637 0.0 6.0
34.12849099999999 0.0 202.6758511061068 0.0 2.4265289195116195 0.0 6.0
34.18320299999999 0.0 202.6758511061068 0.0 2.4537419083293703 0.0 6.0
34.23775199999999 0.0 202.6758511061068 0.0 2.388094700527638 0.0 6.0
34.29217799999999 0.0 202.6758511061068 0.0 2.3793915752244708 0.0 6.0
34.34608999999999 0.0 202.6758511061068 0.0 2.336242128344522 0.0 6.0
34.40099899999999 0.0 202.6758511061068 0.0 3.1481094322855667 0.0 6.0
34.45655399999999 0.0 202.6758511061068 0.0 4.6111367148910505 0.0 6.0
34.51070699999999 0.0 202.6758511061068 0.0 5.082139661769243 0.0 6.0
34.56592299999999 0.0 304.01377665916016 0.0 5.172796537602558 0.0 9.0
34.62326999999999 0.0 304.01377665916016 0.0 6.2577120199580065 0.0 9.0
34.67807499999999 0.0 304.01377665916016 0.0 7.926341111842824 0.0 9.0
34.733430999999996 0.0 304.01377665916016 0.0 7.727874062450836 0.0 9.0
34.78776799999999 0.0 304.01377665916016 0.0 7.662714980686124 0.0 9.0
34.84314599999999 0.0 304.01377665916016 0.0 7.685829219241259 0.0 9.0
34.89822199999999 0.0 304.01377665916016 0.0 7.680946967566255 0.0 9.0
34.95487799999999 0.0 304.01377665916016 0.0 7.647063095094488 0.0 9.0
35.008864999999986 0.0 304.01377665916016 0.0 7.713281107528879 0.0 9.0
35.062983999999986 0.0 304.01377665916016 0.0 7.677629029848805 0.0 9.0
35.11777499999999 0.0 304.01377665916016 0.0 7.654370762398614 0.0 9.0
35.172862999999985 0.0 304.01377665916016 0.0 7.691463125151661 0.0 9.0
35.22849699999998 0.0 304.01377665916016 0.0 7.674602246980151 0.0 9.0
35.28920699999998 0.0 304.01377665916016 0.0 7.535388671695232 0.0 9.0
35.34332399999998 0.0 304.01377665916016 0.0 7.8782138552107055 0.0 9.0
35.39765399999998 0.0 304.01377665916016 0.0 7.682241341515837 0.0 9.0
35.45256099999998 0.0 304.01377665916016 0.0 7.675761707017853 0.0 9.0
35.50706099999998 0.0 304.01377665916016 0.0 7.7234027951268365 0.0 9.0
35.56245299999998 0.0 304.01377665916016 0.0 7.662239481110091 0.0 9.0
35.61772799999998 0.0 304.01377665916016 0.0 7.685399824705701 0.0 9.0
35.67238799999998 0.0 304.01377665916016 0.0 7.724487010485626 0.0 9.0
35.72669399999997 0.0 304.01377665916016 0.0 7.679454007995758 0.0 9.0
35.782559999999975 0.0 304.01377665916016 0.0 7.647023907951029 0.0 9.0
35.83757499999997 0.0 304.01377665916016 0.0 7.714746329867311 0.0 9.0
35.89272099999997 0.0 304.01377665916016 0.0 7.654671843831011 0.0 9.0
35.94708599999997 0.0 304.01377665916016 0.0 7.686117990448862 0.0 9.0
36.00083199999997 0.0 304.01377665916016 0.0 7.556893022281614 0.0 9.0
36.05482399999997 0.0 304.01377665916016 0.0 7.131592529687423 0.0 9.0
36.108777999999965 0.0 304.01377665916016 0.0 7.205065682852052 0.0 9.0
36.162567999999965 0.0 304.01377665916016 0.0 7.589053578363903 0.0 9.0
36.21854899999997 0.0 304.01377665916016 0.0 7.660445294415278 0.0 9.0
36.27241699999997 0.0 304.01377665916016 0.0 7.618132065012261 0.0 9.0
36.32674999999997 0.0 304.01377665916016 0.0 7.733900274881145 0.0 9.0
36.385445999999966 0.0 304.01377665916016 0.0 7.038085101802557 0.0 9.0
36.44074099999997 0.0 304.01377665916016 0.0 8.224749153592818 0.0 9.0
36.49538899999997 0.0 304.01377665916016 0.0 7.524317692699005 0.0 9.0
36.54950799999997 0.0 304.01377665916016 0.0 7.089155559247442 0.0 9.0
36.60718099999997 0.0 304.01377665916016 0.0 6.423597123272539 0.0 9.0
36.66655899999997 0.0 304.01377665916016 0.0 6.952400950784545 0.0 9.0
36.72092099999997 0.0 304.01377665916016 0.0 7.566550219095587 0.0 9.0
36.77511099999997 0.0 304.01377665916016 0.0 7.656063540511745 0.0 9.0
36.830333999999965 0.0 304.01377665916016 0.0 7.706533278824451 0.0 9.0
36.884353999999966 0.0 304.01377665916016 0.0 7.645529741617244 0.0 9.0
36.939072999999965 0.0 304.01377665916016 0.0 7.603961410585423 0.0 9.0
36.99562799999997 0.0 304.01377665916016 0.0 7.459724467629854 0.0 9.0
37.05346199999997 0.0 304.01377665916016 0.0 6.773935719293844 0.0 9.0
37.10828699999997 0.0 304.01377665916016 0.0 6.479084440774013 0.0 9.0
37.161683999999966 0.0 304.01377665916016 0.0 6.922724903982666 0.0 9.0
37.21548299999996 0.0 304.01377665916016 0.0 7.4950652304270795 0.0 9.0
37.27054299999996 0.0 304.01377665916016 0.0 7.651819075687798 0.0 9.0
37.325293999999964 0.0 304.01377665916016 0.0 7.720408621930946 0.0 9.0
37.37885999999996 0.0 304.01377665916016 0.0 7.627952394301458 0.0 9.0
37.43351399999996 0.0 304.01377665916016 0.0 7.430468202307753 0.0 9.0
37.48852899999996 0.0 304.01377665916016 0.0 7.006827466735627 0.0 9.0
37.54267199999996 0.0 304.01377665916016 0.0 5.912245496921506 0.0 9.0
37.59678299999996 0.0 304.01377665916016 0.0 5.625893557597937 0.0 9.0
37.65197199999996 0.0 304.01377665916016 0.0 7.049047696684443 0.0 9.0
37.71146399999996 0.0 304.01377665916016 0.0 7.741260909740432 0.0 9.0
37.76646299999996 0.0 304.01377665916016 0.0 7.698677087922263 0.0 9.0
37.82087799999996 0.0 304.01377665916016 0.0 7.6552567654510835 0.0 9.0
37.88090899999996 0.0 304.01377665916016 0.0 7.621419091889811 0.0 9.0
37.93474899999996 0.0 304.01377665916016 0.0 7.497375251696205 0.0 9.0
37.989046999999964 0.0 304.01377665916016 0.0 7.141751978345534 0.0 9.0
38.04369099999997 0.0 304.01377665916016 0.0 7.247502513337105 0.0 9.0
38.10309699999997 0.0 304.01377665916016 0.0 7.628131065260163 0.0 9.0
38.16498099999997 0.0 304.01377665916016 0.0 7.668353080848486 0.0 9.0
38.21998699999997 0.0 304.01377665916016 0.0 7.68025808504968 0.0 9.0
38.28018199999997 0.0 304.01377665916016 0.0 7.5584244112367065 0.0 9.0
38.335469999999965 0.0 304.01377665916016 0.0 7.764271763244085 0.0 9.0
38.390095999999964 0.0 304.01377665916016 0.0 7.523835907519065 0.0 9.0
38.444529999999965 0.0 304.01377665916016 0.0 6.792605140008115 0.0 9.0
38.499197999999964 0.0 304.01377665916016 0.0 6.043221678430436 0.0 9.0
38.55365599999996 0.0 304.01377665916016 0.0 6.885612069351577 0.0 9.0
38.608637999999964 0.0 304.01377665916016 0.0 7.596376115169939 0.0 9.0
38.663400999999965 0.0 304.01377665916016 0.0 7.71433771389885 0.0 9.0
38.71785699999997 0.0 304.01377665916016 0.0 7.657420047590677 0.0 9.0
38.77908999999997 0.0 304.01377665916016 0.0 7.18747654013831 0.0 9.0
38.83798499999997 0.0 304.01377665916016 0.0 7.441856653548534 0.0 9.0
38.894012999999966 0.0 304.01377665916016 0.0 7.649738912571629 0.0 9.0
38.94781899999997 0.0 304.01377665916016 0.0 6.099032326728046 0.0 9.0
39.002186999999964 0.0 304.01377665916016 0.0 6.278590829023404 0.0 9.0
39.05596899999996 0.0 304.01377665916016 0.0 7.496542543697273 0.0 9.0
39.10994799999996 0.0 304.01377665916016 0.0 7.617571894081314 0.0 9.0
39.16511999999996 0.0 304.01377665916016 0.0 7.67714476362096 0.0 9.0
39.22089599999996 0.0 304.01377665916016 0.0 7.644744378389585 0.0 9.0
39.27522099999996 0.0 304.01377665916016 0.0 7.682065510132274 0.0 9.0
39.33130199999996 0.0 304.01377665916016 0.0 7.6544829308721125 0.0 9.0
39.38507399999996 0.0 304.01377665916016 0.0 7.663843914237695 0.0 9.0
39.43967099999996 0.0 304.01377665916016 0.0 7.660485201086321 0.0 9.0
39.49833999999996 0.0 304.01377665916016 0.0 7.667546575637672 0.0 9.0
39.553108999999964 0.0 304.01377665916016 0.0 7.589137928504201 0.0 9.0
39.60765599999996 0.0 304.01377665916016 0.0 7.731696106604348 0.0 9.0
39.66169199999997 0.0 304.01377665916016 0.0 7.687646735012733 0.0 10.0
39.71710199999997 0.0 405.3517022122136 0.0 7.635513416933743 0.0 12.0
39.77424699999997 0.0 405.3517022122136 0.0 7.646253857824649 0.0 12.0
39.828909999999965 0.0 405.3517022122136 0.0 7.693352841253774 0.0 12.0
39.88343899999997 0.0 405.3517022122136 0.0 7.681472844353754 0.0 12.0
39.93948499999997 0.0 405.3517022122136 0.0 7.681513429296487 0.0 12.0
39.99359599999997 0.0 405.3517022122136 0.0 7.620262630324477 0.0 12.0
40.04890699999997 0.0 405.3517022122136 0.0 7.6986079349428 0.0 12.0
40.103038999999974 0.0 405.3517022122136 0.0 7.6811014731786305 0.0 12.0
40.156943999999974 0.0 405.3517022122136 0.0 7.636926922118767 0.0 12.0
40.21123299999997 0.0 405.3517022122136 0.0 7.672140463913519 0.0 12.0
40.26674799999997 0.0 405.3517022122136 0.0 7.62625556898166 0.0 12.0
40.32124199999997 0.0 405.3517022122136 0.0 7.623915334160968 0.0 12.0
40.377230999999966 0.0 405.3517022122136 0.0 7.476026598975651 0.0 12.0
40.43162499999997 0.0 405.3517022122136 0.0 6.842570757230688 0.0 12.0
40.48679099999997 0.0 405.3517022122136 0.0 5.7260983619854295 0.0 12.0
40.54050499999997 0.0 405.3517022122136 0.0 6.49433467373527 0.0 12.0
40.59459499999997 0.0 405.3517022122136 0.0 7.427253719477464 0.0 12.0
40.65439799999997 0.0 405.3517022122136 0.0 7.561451584877874 0.0 12.0
40.70831799999997 0.0 405.3517022122136 0.0 7.790469471351226 0.0 12.0
40.76243299999997 0.0 405.3517022122136 0.0 7.623244648913731 0.0 12.0
40.82223699999997 0.0 405.3517022122136 0.0 7.678418218462418 0.0 12.0
40.876818999999976 0.0 405.3517022122136 0.0 7.594048904169395 0.0 12.0
40.93172299999998 0.0 405.3517022122136 0.0 7.514568108381654 0.0 12.0
40.985825999999975 0.0 405.3517022122136 0.0 7.702062485109509 0.0 12.0
41.04103299999998 0.0 405.3517022122136 0.0 7.475931261659669 0.0 12.0
41.102548999999975 0.0 405.3517022122136 0.0 6.467506513920623 0.0 12.0
41.15717599999998 0.0 405.3517022122136 0.0 8.003971592529476 0.0 12.0
41.21052999999998 0.0 405.3517022122136 0.0 6.477025000841123 0.0 12.0
41.264396999999974 0.0 405.3517022122136 0.0 5.2720660745018915 0.0 12.0
41.320018999999974 0.0 405.3517022122136 0.0 5.282493416134446 0.0 12.0
41.37448299999998 0.0 405.3517022122136 0.0 6.219088712328536 0.0 12.0
41.43109499999998 0.0 405.3517022122136 0.0 6.878640558632009 0.0 12.0
41.493347999999976 0.0 405.3517022122136 0.0 7.566656145920521 0.0 12.0
41.548744999999975 0.0 405.3517022122136 0.0 7.657218858504099 0.0 12.0
41.60321099999997 0.0 405.3517022122136 0.0 7.635760133649341 0.0 12.0
41.658074999999975 0.0 405.3517022122136 0.0 7.518298354646888 0.0 12.0
41.712399999999974 0.0 405.3517022122136 0.0 7.590244476566734 0.0 12.0
41.765957999999976 0.0 405.3517022122136 0.0 7.583419328121805 0.0 12.0
41.82033999999997 0.0 405.3517022122136 0.0 7.407658937861588 0.0 12.0
41.874260999999976 0.0 405.3517022122136 0.0 7.130308876012075 0.0 12.0
41.93215599999998 0.0 405.3517022122136 0.0 6.316120428854443 0.0 12.0
41.99134099999998 0.0 405.3517022122136 0.0 5.133854309972893 0.0 12.0
42.04544799999998 0.0 405.3517022122136 0.0 4.756700267271602 0.0 12.0
42.09994299999998 0.0 405.3517022122136 0.0 4.644500457144913 0.0 12.0
42.154288999999984 0.0 405.3517022122136 0.0 4.716365324690527 0.0 12.0
42.208452999999984 0.0 405.3517022122136 0.0 4.763206254473831 0.0 12.0
42.265917999999985 0.0 405.3517022122136 0.0 4.453700234276061 0.0 12.0
42.322577999999986 0.0 405.3517022122136 0.0 5.018110235819471 0.0 12.0
42.37661699999999 0.0 405.3517022122136 0.0 4.729845874948389 0.0 12.0
42.43066799999999 0.0 405.3517022122136 0.0 5.567360627776442 0.0 12.0
42.48628199999999 0.0 405.3517022122136 0.0 7.21596152887688 0.0 12.0
42.54110799999999 0.0 405.3517022122136 0.0 7.659982260278313 0.0 12.0
42.59545799999999 0.0 405.3517022122136 0.0 7.6352899678669885 0.0 12.0
42.64984999999999 0.0 405.3517022122136 0.0 7.699056961253979 0.0 12.0
42.711407999999984 0.0 405.3517022122136 0.0 7.641955925240167 0.0 12.0
42.765025999999985 0.0 405.3517022122136 0.0 7.7475787790135415 0.0 12.0
42.818978999999985 0.0 405.3517022122136 0.0 7.635466521167133 0.0 12.0
42.876544999999986 0.0 405.3517022122136 0.0 7.691149802771988 0.0 12.0
42.930632999999986 0.0 405.3517022122136 0.0 7.717499913680949 0.0 12.0
42.98505699999998 0.0 405.3517022122136 0.0 7.6442966555049985 0.0 12.0
43.03843299999998 0.0 405.3517022122136 0.0 7.703629220447677 0.0 12.0
43.09233099999998 0.0 405.3517022122136 0.0 7.630799654233081 0.0 12.0
43.14675699999998 0.0 405.3517022122136 0.0 7.591140381105034 0.0 12.0
43.20128899999998 0.0 405.3517022122136 0.0 7.553516503519229 0.0 12.0
43.255552999999985 0.0 405.3517022122136 0.0 7.561653671521834 0.0 12.0
43.30988199999999 0.0 405.3517022122136 0.0 7.324836776005086 0.0 12.0
43.36672699999999 0.0 405.3517022122136 0.0 7.209885519663364 0.0 12.0
43.42357099999999 0.0 405.3517022122136 0.0 6.826940897894659 0.0 12.0
43.47961799999999 0.0 405.3517022122136 0.0 7.45545353989959 0.0 12.0
43.534291999999986 0.0 405.3517022122136 0.0 7.409327668542899 0.0 12.0
43.59415999999999 0.0 405.3517022122136 0.0 7.5532419511333515 0.0 12.0
43.648777999999986 0.0 405.3517022122136 0.0 7.596068754995267 0.0 12.0
43.70397699999999 0.0 405.3517022122136 0.0 7.43356899276184 0.0 12.0
43.75885899999999 0.0 405.3517022122136 0.0 7.356776539567855 0.0 12.0
43.813259999999985 0.0 405.3517022122136 0.0 7.19876304938845 0.0 12.0
43.868116999999984 0.0 405.3517022122136 0.0 7.220236078994702 0.0 12.0
43.92343899999998 0.0 405.3517022122136 0.0 7.335545165561798 0.0 12.0
43.97855199999998 0.0 405.3517022122136 0.0 7.605298427040517 0.0 12.0
44.03236299999998 0.0 405.3517022122136 0.0 7.538851534246729 0.0 12.0
44.09068099999998 0.0 405.3517022122136 0.0 6.776932544776192 0.0 12.0
44.14581899999998 0.0 405.3517022122136 0.0 7.709714802682828 0.0 12.0
44.199663999999984 0.0 405.3517022122136 0.0 7.174222087008921 0.0 12.0
44.25369999999999 0.0 405.3517022122136 0.0 7.19590717939594 0.0 12.0
44.31066999999999 0.0 405.3517022122136 0.0 7.368340081017027 0.0 12.0
44.36496599999999 0.0 405.3517022122136 0.0 7.55808048618831 0.0 12.0
44.41853099999999 0.0 405.3517022122136 0.0 7.417670773779975 0.0 12.0
44.47282199999999 0.0 405.3517022122136 0.0 7.229250650917013 0.0 12.0
44.52678599999999 0.0 405.3517022122136 0.0 7.2517257647702715 0.0 12.0
44.580745999999984 0.0 405.3517022122136 0.0 7.254929927908117 0.0 12.0
44.63484399999999 0.0 405.3517022122136 0.0 7.413742989276135 0.0 12.0
44.68985699999999 0.0 405.3517022122136 0.0 7.307871469766313 0.0 12.0
44.74803299999999 0.0 405.3517022122136 0.0 7.266708878334037 0.0 12.0
44.80213499999999 0.0 405.3517022122136 0.0 7.156100083437763 0.0 12.0
44.85659799999999 0.0 304.01377665916016 0.0 7.238123569528753 0.0 9.0
44.919369999999994 0.0 304.01377665916016 0.0 7.348985311734418 0.0 9.0
44.97434199999999 0.0 304.01377665916016 0.0 7.407552277544584 0.0 9.0
45.02819399999999 0.0 304.01377665916016 0.0 7.338059661658588 0.0 9.0
45.08204799999999 0.0 304.01377665916016 0.0 7.327990366301885 0.0 9.0
45.136222 0.0 304.01377665916016 0.0 7.491877891531537 0.0 9.0
45.191962 0.0 304.01377665916016 0.0 7.473283044349134 0.0 9.0
45.246564 0.0 304.01377665916016 0.0 7.407678450310583 0.0 9.0
45.301548 0.0 304.01377665916016 0.0 7.411169490777299 0.0 9.0
45.355987999999996 0.0 304.01377665916016 0.0 7.337213773857289 0.0 9.0
45.41023 0.0 304.01377665916016 0.0 7.203064174698701 0.0 9.0
45.465091 0.0 304.01377665916016 0.0 7.028244829217477 0.0 9.0
45.520057 0.0 304.01377665916016 0.0 6.97816983622008 0.0 9.0
45.574762 0.0 304.01377665916016 0.0 7.020230612994605 0.0 9.0
45.630226 0.0 304.01377665916016 0.0 7.159377592031335 0.0 9.0
45.684963 0.0 304.01377665916016 0.0 7.353482390932112 0.0 9.0
45.739889000000005 0.0 304.01377665916016 0.0 7.530769377857836 0.0 9.0
45.79465400000001 0.0 304.01377665916016 0.0 7.725441402945288 0.0 9.0
45.84879300000001 0.0 304.01377665916016 0.0 7.469257508461904 0.0 9.0
45.90313600000001 0.0 304.01377665916016 0.0 7.433274994590689 0.0 9.0
45.95769300000001 0.0 304.01377665916016 0.0 7.409392791223124 0.0 9.0
46.01697200000001 0.0 304.01377665916016 0.0 7.434914104292333 0.0 9.0
46.07143700000001 0.0 304.01377665916016 0.0 7.410460301197172 0.0 9.0
46.12582500000001 0.0 304.01377665916016 0.0 7.224294261758343 0.0 9.0
46.18102900000002 0.0 304.01377665916016 0.0 7.152261542158184 0.0 9.0
46.23625000000002 0.0 304.01377665916016 0.0 6.958105950097765 0.0 9.0
46.29444900000002 0.0 304.01377665916016 0.0 6.855895266743648 0.0 9.0
46.348612000000024 0.0 304.01377665916016 0.0 7.061258212163654 0.0 9.0
46.40274600000002 0.0 304.01377665916016 0.0 7.137693774120419 0.0 9.0
46.45788200000002 0.0 304.01377665916016 0.0 7.213277005413558 0.0 9.0
46.51189500000002 0.0 304.01377665916016 0.0 7.359698368615022 0.0 9.0
46.566352000000016 0.0 304.01377665916016 0.0 7.48905532818989 0.0 9.0
46.62113400000002 0.0 304.01377665916016 0.0 7.434994894206495 0.0 9.0
46.67698100000002 0.0 304.01377665916016 0.0 7.214197210331953 0.0 9.0
46.73235300000002 0.0 304.01377665916016 0.0 7.062997777522295 0.0 9.0
46.791001000000016 0.0 304.01377665916016 0.0 7.256477411958169 0.0 9.0
46.845616000000014 0.0 304.01377665916016 0.0 7.347953574420192 0.0 9.0
46.90058800000001 0.0 304.01377665916016 0.0 7.446814922125209 0.0 9.0
46.95433000000001 0.0 304.01377665916016 0.0 7.43340182902405 0.0 9.0
47.00864400000001 0.0 304.01377665916016 0.0 7.368364138062118 0.0 9.0
47.06298100000001 0.0 304.01377665916016 0.0 7.337881538353155 0.0 9.0
47.11714200000001 0.0 304.01377665916016 0.0 7.2076376772524355 0.0 9.0
47.172388000000005 0.0 304.01377665916016 0.0 7.148560487031456 0.0 9.0
47.227180000000004 0.0 304.01377665916016 0.0 7.145641373860084 0.0 9.0
47.284148 0.0 304.01377665916016 0.0 7.09160276431789 0.0 9.0
47.338936000000004 0.0 304.01377665916016 0.0 7.013972620226478 0.0 9.0
47.396719000000004 0.0 304.01377665916016 0.0 7.107787425443786 0.0 9.0
47.45262700000001 0.0 304.01377665916016 0.0 7.275815528754447 0.0 9.0
47.50689500000001 0.0 304.01377665916016 0.0 7.470946481835561 0.0 9.0
47.560686000000004 0.0 304.01377665916016 0.0 7.300906533100965 0.0 9.0
47.614896 0.0 304.01377665916016 0.0 7.23562868208517 0.0 9.0
47.673214 0.0 304.01377665916016 0.0 7.296716691414366 0.0 9.0
47.727098 0.0 304.01377665916016 0.0 7.346163505907393 0.0 9.0
47.781428999999996 0.0 304.01377665916016 0.0 7.368706991120447 0.0 9.0
47.840850999999994 0.0 304.01377665916016 0.0 7.171644276799148 0.0 9.0
47.89585499999999 0.0 304.01377665916016 0.0 7.416322676541274 0.0 9.0
47.95361499999999 0.0 304.01377665916016 0.0 6.736112475397117 0.0 9.0
48.00816299999999 0.0 304.01377665916016 0.0 7.470406674505004 0.0 9.0
48.06249099999999 0.0 304.01377665916016 0.0 7.10779153539862 0.0 9.0
48.117463999999984 0.0 304.01377665916016 0.0 7.318423819801945 0.0 9.0
48.17218399999999 0.0 304.01377665916016 0.0 7.360149522396739 0.0 9.0
48.22641499999999 0.0 304.01377665916016 0.0 7.505229680712177 0.0 9.0
48.281322999999986 0.0 304.01377665916016 0.0 7.336696079966288 0.0 9.0
48.335534999999986 0.0 304.01377665916016 0.0 7.157505075505501 0.0 9.0
48.38988899999998 0.0 304.01377665916016 0.0 7.012619510738646 0.0 9.0
48.44952699999998 0.0 304.01377665916016 0.0 6.174148098517248 0.0 9.0
48.50402899999998 0.0 304.01377665916016 0.0 7.667677659487212 0.0 9.0
48.557662999999984 0.0 304.01377665916016 0.0 7.129115897605636 0.0 9.0
48.61343199999998 0.0 304.01377665916016 0.0 7.416934835629463 0.0 9.0
48.668520999999984 0.0 304.01377665916016 0.0 7.549407530348073 0.0 9.0
48.722771999999985 0.0 304.01377665916016 0.0 7.492737739431264 0.0 9.0
48.776504999999986 0.0 304.01377665916016 0.0 7.454284564812009 0.0 9.0
48.829920999999985 0.0 304.01377665916016 0.0 7.466197312466955 0.0 9.0
48.88453299999998 0.0 304.01377665916016 0.0 7.4151045779326035 0.0 9.0
48.938665999999984 0.0 304.01377665916016 0.0 7.34072558779569 0.0 9.0
48.99259499999998 0.0 304.01377665916016 0.0 7.319577957686237 0.0 9.0
49.04689199999998 0.0 304.01377665916016 0.0 7.2894029339686215 0.0 9.0
49.10177699999998 0.0 304.01377665916016 0.0 7.390455983651836 0.0 9.0
49.15868199999998 0.0 304.01377665916016 0.0 7.146654390446608 0.0 9.0
49.213085999999976 0.0 304.01377665916016 0.0 7.087282912574443 0.0 9.0
49.26678399999997 0.0 304.01377665916016 0.0 6.978599684153035 0.0 9.0
49.32111399999997 0.0 304.01377665916016 0.0 7.046615765109102 0.0 9.0
49.37474099999997 0.0 304.01377665916016 0.0 7.095165409849752 0.0 9.0
49.42864699999997 0.0 304.01377665916016 0.0 7.184788640485454 0.0 9.0
49.48257999999997 0.0 304.01377665916016 0.0 7.354607560210793 0.0 9.0
49.53634699999997 0.0 304.01377665916016 0.0 7.511122743277521 0.0 9.0
49.59094899999997 0.0 304.01377665916016 0.0 7.480586942113711 0.0 9.0
49.646066999999974 0.0 304.01377665916016 0.0 7.56980083356973 0.0 9.0
49.70015899999997 0.0 304.01377665916016 0.0 7.533382815959827 0.0 9.0
49.76077999999997 0.0 304.01377665916016 0.0 7.583637994255176 0.0 9.0
49.81591999999997 0.0 304.01377665916016 0.0 7.472837354185159 0.0 9.0
49.87109199999997 0.0 304.01377665916016 0.0 7.687576848001376 0.0 9.0
49.92533399999997 0.0 304.01377665916016 0.0 7.679672521146357 0.0 9.0
49.98008699999997 0.0 202.6758511061068 0.0 7.5633238601431225 0.0 6.0
50.03485299999997 0.0 202.6758511061068 0.0 7.075467798277902 0.0 6.0
50.09086099999997 0.0 202.6758511061068 0.0 5.926896690738553 0.0 6.0
50.14552899999997 0.0 202.6758511061068 0.0 5.165866614779095 0.0 6.0
50.19975499999997 0.0 202.6758511061068 0.0 4.796678464548132 0.0 6.0
50.254099999999966 0.0 202.6758511061068 0.0 4.695270439171199 0.0 6.0
50.309110999999966 0.0 202.6758511061068 0.0 4.201612140486327 0.0 6.0
50.363317999999964 0.0 202.6758511061068 0.0 3.501218788608838 0.0 6.0
50.417816999999964 0.0 202.6758511061068 0.0 3.005458581006009 0.0 6.0
50.47209999999996 0.0 202.6758511061068 0.0 2.665753828115787 0.0 6.0
50.52964799999996 0.0 202.6758511061068 0.0 2.825387607575488 0.0 6.0
50.58336499999996 0.0 202.6758511061068 0.0 3.400116222569861 0.0 6.0
50.63979999999996 0.0 202.6758511061068 0.0 4.212878771928959 0.0 6.0
50.695591999999955 0.0 202.6758511061068 0.0 5.066092133815637 0.0 6.0
50.74969199999995 0.0 202.6758511061068 0.0 5.06495430569866 0.0 6.0
50.80457199999995 0.0 202.6758511061068 0.0 5.049774762546966 0.0 6.0
50.858289999999954 0.0 202.6758511061068 0.0 5.138472845160367 0.0 6.0
50.912633999999954 0.0 202.6758511061068 0.0 5.217847674363612 0.0 6.0
50.966690999999955 0.0 202.6758511061068 0.0 5.19231402442671 0.0 6.0
51.02558999999995 0.0 202.6758511061068 0.0 4.798034755823059 0.0 6.0
51.07913599999995 0.0 202.6758511061068 0.0 5.171101907434337 0.0 6.0
51.13277899999995 0.0 202.6758511061068 0.0 3.8375604364356186 0.0 6.0
51.18635099999995 0.0 202.6758511061068 0.0 2.8506491681680304 0.0 6.0
51.24140799999995 0.0 202.6758511061068 0.0 2.583849273916214 0.0 6.0
51.29537599999995 0.0 202.6758511061068 0.0 3.376303993259117 0.0 6.0
51.34909199999995 0.0 202.6758511061068 0.0 4.456485290767747 0.0 6.0
51.40584099999995 0.0 202.6758511061068 0.0 4.960374533665252 0.0 6.0
51.45978399999995 0.0 202.6758511061068 0.0 5.015677181129706 0.0 6.0
51.51387799999995 0.0 202.6758511061068 0.0 4.832323253546025 0.0 6.0
51.57283199999995 0.0 202.6758511061068 0.0 4.407112442563166 0.0 6.0
51.62739299999995 0.0 202.6758511061068 0.0 4.243298169631254 0.0 6.0
51.68240299999995 0.0 202.6758511061068 0.0 2.7953130096842562 0.0 6.0
51.73654199999995 0.0 202.6758511061068 0.0 2.4637652865653608 0.0 6.0
51.79766499999995 0.0 202.6758511061068 0.0 2.5832339360310264 0.0 6.0
51.85229999999995 0.0 202.6758511061068 0.0 3.1981350313084307 0.0 6.0
51.90654599999995 0.0 202.6758511061068 0.0 4.12293291648456 0.0 6.0
51.96119599999995 0.0 202.6758511061068 0.0 4.757708324343049 0.0 6.0
52.01550199999995 0.0 202.6758511061068 0.0 4.921209629965769 0.0 6.0
52.06985799999995 0.0 202.6758511061068 0.0 4.74020459270334 0.0 6.0
52.124320999999945 0.0 202.6758511061068 0.0 4.8127929562568 0.0 6.0
52.18014899999994 0.0 202.6758511061068 0.0 4.557659656757602 0.0 6.0
52.23432999999994 0.0 202.6758511061068 0.0 3.660471840173204 0.0 6.0
52.288315999999945 0.0 202.6758511061068 0.0 2.6777539605036527 0.0 6.0
52.34335099999994 0.0 202.6758511061068 0.0 2.338246401029023 0.0 6.0
52.40407799999994 0.0 202.6758511061068 0.0 2.179896268057841 0.0 6.0
52.45830199999994 0.0 202.6758511061068 0.0 2.4475196111811446 0.0 6.0
52.51331799999994 0.0 202.6758511061068 0.0 2.2841301829211815 0.0 6.0
52.567733999999945 0.0 202.6758511061068 0.0 2.28816135373271 0.0 6.0
52.62176499999995 0.0 202.6758511061068 0.0 2.2201343635292417 0.0 6.0
52.67644299999995 0.0 202.6758511061068 0.0 2.3008814492748604 0.0 6.0
52.73198899999995 0.0 202.6758511061068 0.0 2.266653267142372 0.0 6.0
52.78636299999995 0.0 202.6758511061068 0.0 2.233474462814192 0.0 6.0
52.84039699999995 0.0 202.6758511061068 0.0 2.158763293094898 0.0 6.0
52.894807999999955 0.0 202.6758511061068 0.0 2.223140688001727 0.0 6.0
52.949123999999955 0.0 202.6758511061068 0.0 2.204069952919029 0.0 6.0
53.003054999999954 0.0 202.6758511061068 0.0 2.5817675351275597 0.0 6.0
53.057502999999954 0.0 202.6758511061068 0.0 3.9481940814989955 0.0 6.0
53.11178299999995 0.0 202.6758511061068 0.0 4.884687312337042 0.0 6.0
53.16627999999995 0.0 202.6758511061068 0.0 5.125749092850676 0.0 6.0
53.22027899999995 0.0 202.6758511061068 0.0 5.309807372220148 0.0 6.0
53.27382699999995 0.0 202.6758511061068 0.0 5.396626594525309 0.0 6.0
53.328616999999944 0.0 202.6758511061068 0.0 5.442370947885053 0.0 6.0
53.382988999999945 0.0 202.6758511061068 0.0 5.515085298799221 0.0 6.0
53.43734599999995 0.0 202.6758511061068 0.0 5.5554316963330885 0.0 6.0
53.49154599999995 0.0 202.6758511061068 0.0 5.525507599508372 0.0 6.0
53.54554799999995 0.0 202.6758511061068 0.0 5.613268372216774 0.0 6.0
53.59958399999995 0.0 202.6758511061068 0.0 5.565355620428339 0.0 6.0
53.65389199999995 0.0 202.6758511061068 0.0 5.602836351096024 0.0 6.0
53.70742599999995 0.0 202.6758511061068 0.0 5.600520316428654 0.0 6.0
53.761213999999946 0.0 202.6758511061068 0.0 5.550888863827984 0.0 6.0
53.81800299999995 0.0 202.6758511061068 0.0 5.274445317578641 0.0 6.0
53.872789999999945 0.0 202.6758511061068 0.0 5.707054679281013 0.0 6.0
53.92681399999994 0.0 202.6758511061068 0.0 5.33576025811391 0.0 6.0
53.981750999999946 0.0 202.6758511061068 0.0 5.2488311825834195 0.0 6.0
54.03639299999995 0.0 202.6758511061068 0.0 5.140235939477204 0.0 6.0
54.090523999999945 0.0 202.6758511061068 0.0 5.037244038221097 0.0 6.0
54.145059999999944 0.0 202.6758511061068 0.0 4.885503795151575 0.0 6.0
54.19969799999994 0.0 202.6758511061068 0.0 4.900084970736812 0.0 6.0
54.253128999999944 0.0 202.6758511061068 0.0 4.848299582507417 0.0 6.0
54.30675699999995 0.0 202.6758511061068 0.0 4.817968403451147 0.0 6.0
54.36048199999995 0.0 202.6758511061068 0.0 4.78516522813488 0.0 6.0
54.41478099999995 0.0 202.6758511061068 0.0 4.713381166553231 0.0 6.0
54.47030499999995 0.0 202.6758511061068 0.0 4.505732554720677 0.0 6.0
54.524412999999946 0.0 202.6758511061068 0.0 4.026189586505485 0.0 6.0
54.578205999999945 0.0 202.6758511061068 0.0 3.065410776095391 0.0 6.0
54.632859999999944 0.0 202.6758511061068 0.0 2.5748191455735148 0.0 6.0
54.688101999999944 0.0 202.6758511061068 0.0 2.3381670313679663 0.0 6.0
54.742512999999946 0.0 202.6758511061068 0.0 2.3042386036623768 0.0 6.0
54.79822299999994 0.0 202.6758511061068 0.0 2.389122408358354 0.0 6.0
54.852247999999946 0.0 202.6758511061068 0.0 2.618114100536238 0.0 6.0
54.90652299999994 0.0 202.6758511061068 0.0 3.484460274922959 0.0 6.0
54.960488999999946 0.0 202.6758511061068 0.0 4.647367167742038 0.0 6.0
55.014506999999945 0.0 202.6758511061068 0.0 5.038902302320509 0.0 6.0
55.06892499999994 0.0 202.6758511061068 0.0 5.236312399713095 0.0 6.0
55.12245399999994 0.0 101.3379255530534 0.0 5.371661407555727 0.0 3.0
55.17664399999994 0.0 101.3379255530534 0.0 4.969803095950688 0.0 3.0
55.23054799999994 0.0 101.3379255530534 0.0 3.6499190715712104 0.0 3.0
55.28540499999994 0.0 101.3379255530534 0.0 2.9954624372288507 0.0 3.0
55.33980499999994 0.0 101.3379255530534 0.0 2.7746385498560504 0.0 3.0
55.39476499999994 0.0 101.3379255530534 0.0 2.5971364981841685 0.0 3.0
55.44995699999994 0.0 101.3379255530534 0.0 2.4350090054423754 0.0 3.0
55.50386799999994 0.0 101.3379255530534 0.0 2.3300577414066153 0.0 3.0
55.55755099999994 0.0 101.3379255530534 0.0 2.207722787423536 0.0 3.0
55.61117299999994 0.0 101.3379255530534 0.0 2.0537021043379897 0.0 3.0
55.665424999999935 0.0 101.3379255530534 0.0 1.8786754233363643 0.0 3.0
55.71929299999994 0.0 101.3379255530534 0.0 1.7522772211248399 0.0 3.0
55.773285999999935 0.0 101.3379255530534 0.0 1.7899716988994567 0.0 3.0
55.827351999999934 0.0 101.3379255530534 0.0 1.8798157730759864 0.0 3.0
55.88104999999993 0.0 101.3379255530534 0.0 1.9846983870712969 0.0 3.0
55.93515899999993 0.0 101.3379255530534 0.0 2.139815508324591 0.0 3.0
55.989675999999925 0.0 101.3379255530534 0.0 2.256648890795691 0.0 3.0
56.043656999999925 0.0 101.3379255530534 0.0 2.318151024078382 0.0 3.0
56.098222999999926 0.0 101.3379255530534 0.0 2.344279931362336 0.0 3.0
56.154846999999926 0.0 101.3379255530534 0.0 2.378510817111008 0.0 3.0
56.208991999999924 0.0 101.3379255530534 0.0 2.38642508806813 0.0 3.0
56.263202999999926 0.0 101.3379255530534 0.0 2.4127164880171685 0.0 3.0
56.317744999999924 0.0 101.3379255530534 0.0 2.38488366456315 0.0 3.0
56.37213999999992 0.0 101.3379255530534 0.0 2.4133726628935683 0.0 3.0
56.42572499999992 0.0 101.3379255530534 0.0 2.36750559501883 0.0 3.0
56.480084999999924 0.0 101.3379255530534 0.0 2.383162787339712 0.0 3.0
56.53362899999993 0.0 101.3379255530534 0.0 2.3827550427382973 0.0 3.0
56.58818899999993 0.0 101.3379255530534 0.0 2.3665150274965088 0.0 3.0
56.64302199999993 0.0 101.3379255530534 0.0 2.3109969830070387 0.0 3.0
56.69766799999993 0.0 101.3379255530534 0.0 2.1574069500274806 0.0 3.0
56.75346499999993 0.0 101.3379255530534 0.0 1.928088645768913 0.0 3.0
56.80779399999993 0.0 101.3379255530534 0.0 1.633234667423094 0.0 3.0
56.86192099999993 0.0 101.3379255530534 0.0 1.5179308193606063 0.0 3.0
56.91592599999993 0.0 101.3379255530534 0.0 1.4734010951220848 0.0 3.0
56.97015099999993 0.0 101.3379255530534 0.0 1.423197119614267 0.0 3.0
57.02516499999993 0.0 101.3379255530534 0.0 1.3574503760290046 0.0 3.0
57.07951999999993 0.0 101.3379255530534 0.0 1.3156692247256008 0.0 3.0
57.13325999999993 0.0 101.3379255530534 0.0 1.2691428487756107 0.0 3.0
57.18707099999993 0.0 101.3379255530534 0.0 1.216662608683706 0.0 3.0
57.24075899999993 0.0 101.3379255530534 0.0 1.1578074731619763 0.0 3.0
57.294510999999936 0.0 101.3379255530534 0.0 1.1180597561853223 0.0 3.0
57.34808599999994 0.0 101.3379255530534 0.0 1.1011627315393477 0.0 3.0
57.402906999999935 0.0 101.3379255530534 0.0 1.0691356846694335 0.0 3.0
57.45774299999994 0.0 101.3379255530534 0.0 1.0574725575024988 0.0 3.0
57.515830999999935 0.0 101.3379255530534 0.0 1.0346017768639555 0.0 3.0
57.571812999999935 0.0 101.3379255530534 0.0 1.033254893061126 0.0 3.0
57.626032999999936 0.0 101.3379255530534 0.0 1.0562175666527418 0.0 3.0
57.67983899999994 0.0 101.3379255530534 0.0 1.0340364658001364 0.0 3.0
57.73346499999994 0.0 101.3379255530534 0.0 1.029457667162662 0.0 3.0
57.78721199999994 0.0 101.3379255530534 0.0 1.022678114614145 0.0 3.0
57.84149899999994 0.0 101.3379255530534 0.0 1.0178064749550464 0.0 3.0
57.89635099999994 0.0 101.3379255530534 0.0 1.1367355904178327 0.0 3.0
57.95026099999994 0.0 101.3379255530534 0.0 1.5329377467209877 0.0 3.0
58.00461999999994 0.0 101.3379255530534 0.0 1.7126264590743245 0.0 3.0
58.05928499999994 0.0 101.3379255530534 0.0 1.8048184084277952 0.0 3.0
58.11692199999994 0.0 101.3379255530534 0.0 1.9356058024776173 0.0 3.0
58.17375299999994 0.0 101.3379255530534 0.0 2.0744604210941513 0.0 3.0
58.22811199999994 0.0 101.3379255530534 0.0 2.2129145591748616 0.0 3.0
58.28238199999994 0.0 101.3379255530534 0.0 2.272222352298265 0.0 3.0
58.33628799999994 0.0 101.3379255530534 0.0 2.3053606647056113 0.0 3.0
58.39125599999994 0.0 101.3379255530534 0.0 2.335861068274526 0.0 3.0
58.445311999999944 0.0 101.3379255530534 0.0 2.362848263804915 0.0 3.0
58.49921499999994 0.0 101.3379255530534 0.0 2.338411815975906 0.0 3.0
58.55324199999994 0.0 101.3379255530534 0.0 2.249594960562279 0.0 3.0
58.60773499999994 0.0 101.3379255530534 0.0 2.0015125394670594 0.0 3.0
58.66182099999994 0.0 101.3379255530534 0.0 1.6166290461061568 0.0 3.0
58.71821399999994 0.0 101.3379255530534 0.0 1.3217045599099284 0.0 3.0
58.77283899999994 0.0 101.3379255530534 0.0 1.1476057360537628 0.0 3.0
58.82807899999994 0.0 101.3379255530534 0.0 1.0219540418424493 0.0 3.0
58.88250699999994 0.0 101.3379255530534 0.0 0.9526028807945637 0.0 3.0
58.93662399999994 0.0 101.3379255530534 0.0 0.9075588916341278 0.0 3.0
58.99094999999994 0.0 101.3379255530534 0.0 0.7380862602448569 0.0 3.0
59.04954399999994 0.0 101.3379255530534 0.0 0.6311168915551447 0.0 3.0
59.10406899999994 0.0 101.3379255530534 0.0 0.555942629319487 0.0 3.0
59.15829799999994 0.0 101.3379255530534 0.0 0.5554393198688204 0.0 3.0
59.211958999999936 0.0 101.3379255530534 0.0 0.5264596682692886 0.0 3.0
59.265633999999935 0.0 101.3379255530534 0.0 0.49862117585072857 0.0 3.0
59.319850999999936 0.0 101.3379255530534 0.0 0.5069063266702921 0.0 3.0
59.374195999999934 0.0 101.3379255530534 0.0 0.5745528300564756 0.0 3.0
59.42849299999993 0.0 101.3379255530534 0.0 0.714630025882285 0.0 3.0
59.482067999999934 0.0 101.3379255530534 0.0 1.1101152740721878 0.0 3.0
59.53583599999993 0.0 101.3379255530534 0.0 1.7278829173921744 0.0 3.0
59.589435999999935 0.0 101.3379255530534 0.0 1.9820632698249379 0.0 3.0
59.646126999999936 0.0 101.3379255530534 0.0 2.0051312287429903 0.0 3.0
59.700592999999934 0.0 101.3379255530534 0.0 2.3256882150810645 0.0 3.0
59.75450199999993 0.0 101.3379255530534 0.0 2.258967578092651 0.0 3.0
59.80899899999993 0.0 101.3379255530534 0.0 2.313803977524799 0.0 3.0
59.86346499999993 0.0 101.3379255530534 0.0 2.338897349206856 0.0 3.0
59.920060999999926 0.0 101.3379255530534 0.0 2.360195805990544 0.0 3.0
59.975857999999924 0.0 101.3379255530534 0.0 2.3690647827637648 0.0 3.0
60.03171399999992 0.0 101.3379255530534 0.0 2.29958418876278 0.0 3.0
60.086101999999926 0.0 101.3379255530534 0.0 2.4630680997425602 0.0 3.0
60.139976999999924 0.0 101.3379255530534 0.0 2.37523790220579 0.0 3.0
60.19368599999992 0.0 101.3379255530534 0.0 2.4111557815853404 0.0 3.0
60.24694899999992 0.0 0.0 0.0 2.3944252625980456 0.0 0.0
60.300478999999925 0.0 0.0 0.0 1.6818048553177833 0.0 0.0
60.354341999999924 0.0 0.0 0.0 0.059661317110434445 0.0 0.0
60.40865699999993 0.0 0.0 0.0 -0.008830571042933168 0.0 0.0
60.46896899999993 0.0 0.0 0.0 -0.009543025590865797 0.0 0.0
60.52270499999993 0.0 0.0 0.0 -0.00892571955852529 0.0 0.0
60.57804399999993 0.0 0.0 0.0 -0.01906777183601462 0.0 0.0
60.63355199999993 0.0 0.0 0.0 -0.050116529219970216 0.0 0.0
60.687089999999934 0.0 0.0 0.0 -0.03135555365701376 0.0 0.0
60.74103499999993 0.0 0.0 0.0 0.0017782276993119474 0.0 0.0
60.79755299999993 0.0 0.0 0.0 8.486366576965126E-4 0.0 0.0
60.85662499999993 0.0 0.0 0.0 0.0 0.0 0.0
60.90973399999993 0.0 0.0 0.0 0.0 0.0 0.0
60.96360499999993 0.0 0.0 0.0 0.0 0.0 0.0
61.01700099999993 0.0 0.0 0.0 0.0 0.0 0.0
61.07121199999993 0.0 0.0 0.0 0.0 0.0 0.0
61.12492299999993 0.0 0.0 0.0 0.0 0.0 0.0
61.178663999999934 0.0 0.0 0.0 0.0 0.0 0.0
61.232939999999935 0.0 0.0 0.0 0.0 0.0 0.0
61.28719599999994 0.0 0.0 0.0 0.0 0.0 0.0
61.341157999999936 0.0 0.0 0.0 0.0 0.0 0.0
61.39496899999994 0.0 0.0 0.0 0.0 0.0 0.0
61.44968199999994 0.0 0.0 0.0 0.0 0.0 0.0
61.50391599999994 0.0 0.0 0.0 0.0 0.0 0.0
61.55762199999994 0.0 0.0 0.0 0.0 0.0 0.0
61.611226999999936 0.0 0.0 0.0 0.0 0.0 0.0
61.665340999999934 0.0 0.0 0.0 0.0 0.0 0.0
61.719383999999934 0.0 0.0 0.0 0.0 0.0 0.0
61.772869999999934 0.0 0.0 0.0 0.0 0.0 0.0
61.82651399999993 0.0 0.0 0.0 0.0 0.0 0.0
61.88016899999993 0.0 0.0 0.0 0.0 0.0 0.0
61.93436899999993 0.0 0.0 0.0 0.0 0.0 0.0
61.988962999999934 0.0 0.0 0.0 0.0 0.0 0.0
62.04315899999993 0.0 0.0 0.0 0.0 0.0 0.0
62.097566999999934 0.0 0.0 0.0 0.0 0.0 0.0
62.151980999999935 0.0 0.0 0.0 0.0 0.0 0.0
62.20602499999993 0.0 0.0 0.0 0.0 0.0 0.0
62.25964999999993 0.0 0.0 0.0 0.0 0.0 0.0
62.31323899999993 0.0 0.0 0.0 0.0 0.0 0.0
62.36714499999993 0.0 0.0 0.0 0.0 0.0 0.0
62.42088799999993 0.0 0.0 0.0 0.0 0.0 0.0
62.474880999999925 0.0 0.0 0.0 0.0 0.0 0.0
62.528836999999925 0.0 0.0 0.0 0.0 0.0 0.0
62.58349199999992 0.0 0.0 0.0 0.0 0.0 0.0
62.63741699999992 0.0 0.0 0.0 0.0 0.0 0.0
62.69195899999992 0.0 0.0 0.0 0.0 0.0 0.0
62.74576299999992 0.0 0.0 0.0 0.0 0.0 0.0
62.799747999999916 0.0 0.0 0.0 0.0 0.0 0.0
62.85411099999992 0.0 0.0 0.0 0.0 0.0 0.0
62.90822099999992 0.0 0.0 0.0 0.0 0.0 0.0
62.96178599999992 0.0 0.0 0.0 0.0 0.0 0.0
63.01541799999992 0.0 0.0 0.0 0.0 0.0 0.0
63.06973999999992 0.0 0.0 0.0 0.0 0.0 0.0
63.124436999999915 0.0 0.0 0.0 0.0 0.0 0.0
63.17871299999992 0.0 0.0 0.0 0.0 0.0 0.0
63.23237799999992 0.0 0.0 0.0 0.0 0.0 0.0
63.28652399999992 0.0 0.0 0.0 0.0 0.0 0.0
63.34047699999992 0.0 0.0 0.0 0.0 0.0 0.0
63.39449499999992 0.0 0.0 0.0 0.0 0.0 0.0
63.44864999999992 0.0 0.0 0.0 0.0 0.0 0.0
63.50296699999992 0.0 0.0 0.0 0.0 0.0 0.0
63.55692199999992 0.0 0.0 0.0 0.0 0.0 0.0
63.61052699999992 0.0 0.0 0.0 0.0 0.0 0.0
63.66439799999992 0.0 0.0 0.0 0.0 0.0 0.0
63.71837399999992 0.0 0.0 0.0 0.0035544128219720987 0.0 0.0
63.77301799999992 0.0 0.0 0.0 0.0017554808073966584 0.0 0.0
63.826851999999924 0.0 0.0 0.0 0.005345682648849222 0.0 0.0
63.880607999999924 0.0 0.0 0.0 0.006245679111872917 0.0 0.0
63.934484999999924 0.0 0.0 0.0 0.0 0.0 0.0
63.98885599999993 0.0 0.0 0.0 8.821475900699177E-4 0.0 0.0
64.04356899999993 0.0 0.0 0.0 0.0 0.0 0.0
64.09704099999993 0.0 0.0 0.0 0.0 0.0 0.0
64.15116599999993 0.0 0.0 0.0 8.861569814261709E-4 0.0 0.0
64.20928099999993 0.0 0.0 0.0 0.00660252900210844 0.0 0.0
64.26446299999994 0.0 0.0 0.0 0.024337119085052407 0.0 0.0
64.31897599999994 0.0 0.0 0.0 0.10382226443460453 0.0 0.0
64.37344699999994 0.0 0.0 0.0 0.12239340713658863 0.0 0.0
64.42757499999995 0.0 0.0 0.0 0.2472240948657613 0.0 0.0
64.48145799999995 0.0 0.0 0.0 0.38542927799726107 0.0 0.0
64.53606099999995 0.0 0.0 0.0 0.5393372786200499 0.0 0.0
64.59024399999994 0.0 0.0 0.0 0.5178469127312908 0.0 0.0
64.64505399999994 0.0 0.0 0.0 0.4839203681935669 0.0 0.0
